************************** Cplex et recherche locale **************************
Cplex trouve une solution admissible en moins de 7 secondes.
Cout de la solution courante : 4783

Solution trouvee en cherchant localement depuis la precedente :
Cout de la solution courante : 4783
Affectation
0	13	6	17	7	0	5	4	15	19	7	16	7	8	17	9	4	14	15	15	12	5	18	5	10	1	19	2	17	18	7	10	3	1	12	8	10	9	17	18	17	14	18	0	4	6	0	7	0	8	2	18	16	19	16	9	18	16	8	10	3	1	0	8	11	2	18	17	12	8	4	2	1	12	1	4	6	7	17	3	7	3	3	15	14	1	14	3	1	8	2	3	13	1	5	0	19	15	8	2	5	12	11	1	11	3	0	10	11	14	4	18	3	18	13	10	6	6	6	3	16	1	8	11	1	6	12	0	9	15	12	19	6	13	8	5	6	4	1	10	17	9	15	15	17	5	6	1	16	15	17	4	17	3	12	2	1	2	4	19	19	5	8	6	3	5	6	17	1	13	4	4	11	12	1	6	7	4	12	2	16	7	0	10	12	9	12	1	6	11	18	7	9	6	11	19	12	13	3	16	16	14	14	12	16	13	8	7	8	14	4	19	0	12	1	12	10	19	9	19	9	6	0	6	8	7	2	9	13	16	14	4	19	18	0	13	19	9	4	0	7	9	16	0	12	9	10	12	5	17	14	2	1	3	9	5	11	15	3	2	14	14	7	10	8	14	6	14	7	5	9	15	15	0	5	15	0	18	8	13	9	19	19	10	9	4	5	0	11	2	17	7	0	15	12	13	10	18	18	10	0	13	16	16	3	14	4	13	15	6	10	17	16	16	13	15	0	15	15	16	10	15	16	13	3	5	13	2	13	14	1	6	4	7	6	5	19	6	5	2	17	17	4	13	3	14	8	15	18	11	3	5	2	18	12	11	12	10	10	8	11	13	15	2	11	9	8	5	2	15	4	19	11	14	3	6	8	18	5	9	17	19	16	17	8	18	7	6	14	16	17	16	11	3	11	17	3	17	4	11	
Capacites
240	242	230	245	242	232	236	233	237	242	242	241	245	240	237	237	239	234	236	238	

************************************ Bilan ************************************

---- Recherche Cplex -----
Temps CPU:         53.3034s
Temps utilisateur: 7.0083s

---- Recherche locale ----
Temps CPU:         0.011469s
Temps utilisateur: 0.0114701s

Well done !
