************************** Cplex et recherche locale **************************
Cplex trouve une solution admissible en moins de 7 secondes.
Cout de la solution courante : 97313

Solution trouvee en cherchant localement depuis la precedente :
Cout de la solution courante : 97226
Affectation
3	39	30	2	28	30	37	24	15	29	27	2	2	28	31	26	0	23	25	32	6	13	13	1	15	25	25	35	35	32	9	14	35	39	27	38	2	17	18	3	31	7	31	20	31	5	11	25	1	37	11	7	13	5	12	0	14	27	15	34	9	10	5	7	15	29	26	30	22	3	33	5	14	37	13	16	25	21	31	18	15	22	17	19	27	39	20	10	17	5	8	1	11	15	5	8	37	3	25	39	0	22	37	8	19	9	16	25	16	9	38	34	0	14	6	18	19	4	36	14	15	1	38	3	28	28	5	17	10	22	8	11	2	18	34	38	19	11	6	13	21	25	29	16	38	0	38	36	2	2	24	0	17	26	37	36	17	25	36	29	35	2	10	11	38	15	20	9	25	2	2	18	18	34	31	30	12	36	34	34	8	8	30	39	25	4	11	25	19	13	24	8	7	0	39	34	15	10	18	24	25	22	14	0	9	14	19	6	4	12	2	7	5	25	6	33	25	4	19	13	16	23	31	3	3	34	10	19	35	26	31	0	32	9	10	19	4	17	23	9	2	26	16	39	37	21	38	33	1	24	2	27	17	32	30	29	38	26	17	15	15	23	14	26	1	0	4	38	27	35	31	11	37	35	8	26	24	33	7	9	3	0	16	7	17	13	8	3	27	13	7	36	3	34	25	3	33	29	4	21	15	18	13	21	12	22	22	6	8	6	13	37	2	33	11	8	28	12	33	14	10	9	2	24	4	17	24	6	34	19	32	22	6	12	8	9	6	30	35	7	31	21	27	7	13	13	9	19	21	24	39	10	35	8	10	22	31	7	36	20	37	7	9	28	31	20	3	13	22	28	1	32	14	31	9	3	6	27	4	5	5	38	24	20	13	5	37	16	19	23	14	8	37	10	19	23	33	1	8	13	17	0	37	9	0	0	17	0	20	16	16	36	29	17	35	27	38	20	38	26	38	20	33	31	12	11	20	39	4	24	1	7	29	30	11	11	16	32	10	39	15	13	34	4	19	21	0	10	1	26	33	8	20	25	28	19	36	16	24	2	20	17	9	33	1	7	2	0	37	33	26	29	35	1	7	34	7	7	24	15	21	32	29	7	0	0	28	29	39	1	29	1	25	7	0	38	35	12	17	2	36	33	26	1	38	21	19	7	9	17	21	1	23	3	23	19	11	25	36	21	6	8	10	21	19	2	30	11	17	8	28	20	37	20	27	20	18	14	23	32	19	37	4	29	23	33	23	3	22	32	37	29	30	11	32	1	10	5	31	30	35	4	2	33	16	39	10	5	0	23	19	4	3	31	4	20	37	18	38	28	3	0	31	34	37	28	32	4	32	30	19	11	9	13	6	29	13	32	18	34	14	3	35	15	13	38	35	1	2	25	12	28	33	7	16	37	8	3	8	8	8	17	4	17	5	18	25	8	19	11	4	2	9	1	7	9	0	23	10	13	39	6	19	0	2	23	14	13	32	9	31	28	13	5	34	26	36	30	18	33	26	17	18	1	16	1	9	15	14	1	23	16	30	39	14	7	24	31	20	17	32	32	26	14	9	15	37	39	37	39	2	34	15	2	15	35	38	38	37	36	18	30	20	27	25	8	5	21	34	26	11	11	30	14	24	13	13	19	18	12	28	8	27	16	19	30	39	3	4	28	1	18	29	3	38	12	34	8	6	9	2	38	6	22	12	9	37	14	18	37	2	27	20	12	35	17	37	31	3	0	20	6	5	23	21	0	32	21	6	32	16	10	35	2	9	7	30	15	19	0	8	26	8	17	3	31	11	25	15	18	39	35	25	29	27	14	7	21	13	30	6	1	33	5	17	21	27	20	20	36	17	27	28	14	24	36	33	10	35	1	39	10	27	35	11	25	20	12	29	16	23	8	29	2	16	15	8	17	9	38	24	14	34	0	26	27	12	27	34	10	28	9	38	20	19	34	13	36	37	11	5	18	15	13	25	10	10	31	23	37	23	14	21	6	22	28	36	31	2	19	35	29	22	15	39	2	6	28	28	12	38	20	5	15	1	38	31	35	35	6	16	23	38	39	39	11	1	5	2	5	32	4	25	39	32	39	6	23	3	24	22	25	8	25	16	6	24	30	33	27	25	25	8	5	22	37	35	33	22	6	14	16	30	16	34	36	38	17	7	12	16	38	14	14	33	12	15	29	7	24	18	22	29	35	27	15	15	33	25	12	22	38	39	36	30	9	32	36	26	15	10	5	10	22	3	3	3	17	6	32	22	33	7	9	25	28	7	35	36	14	4	36	23	24	13	2	33	15	35	18	4	3	9	12	39	21	4	5	25	27	7	25	26	7	29	0	31	12	25	18	8	29	22	32	21	9	19	36	11	37	13	28	30	36	4	17	4	0	21	23	28	12	20	3	25	30	33	38	23	5	18	2	26	5	34	34	23	34	17	3	14	16	19	34	8	16	30	13	6	16	21	11	4	21	25	15	5	1	34	6	28	35	29	14	12	24	27	35	39	31	13	0	28	24	1	8	4	32	13	21	34	30	36	10	18	15	34	19	25	18	3	20	19	29	18	6	39	10	22	24	17	11	36	9	2	33	30	7	35	33	36	7	7	18	23	4	33	1	25	7	20	8	34	3	7	32	31	35	29	10	15	16	28	25	1	33	10	30	34	34	32	23	11	11	35	17	22	10	26	35	30	35	17	32	33	23	32	14	38	29	27	34	36	29	7	38	26	10	7	11	37	36	26	39	16	9	9	14	29	15	37	12	39	37	12	5	15	20	4	8	33	19	28	0	1	36	0	23	12	30	12	34	5	0	30	18	18	24	21	31	4	33	26	7	13	11	19	37	34	16	22	21	27	39	21	28	19	5	4	13	32	34	19	3	36	13	24	30	21	15	2	15	20	15	38	5	28	23	5	2	30	20	38	12	0	35	27	6	21	27	27	39	6	16	22	26	34	23	19	2	16	3	17	31	35	4	21	19	23	39	15	27	35	36	31	34	14	39	14	37	7	12	14	10	26	32	32	27	36	36	38	23	10	25	36	11	7	32	21	20	5	15	32	14	23	19	27	18	39	4	10	24	0	15	12	8	28	30	27	17	23	0	8	39	11	9	32	19	26	36	18	30	34	18	4	1	20	34	14	38	0	24	36	10	39	32	4	15	5	11	20	7	8	30	31	26	34	33	18	39	28	24	3	39	39	16	27	1	0	37	27	26	10	6	9	13	8	4	23	33	3	2	37	20	4	9	22	19	38	15	21	11	18	11	11	11	33	10	31	21	15	38	3	6	16	2	11	39	33	39	10	29	35	10	17	13	26	8	26	7	21	32	3	29	2	9	6	24	31	38	9	34	25	12	27	1	19	2	8	5	23	36	6	21	29	16	3	34	17	22	23	5	9	27	0	35	26	39	22	31	18	14	14	12	1	2	3	21	19	11	29	0	12	13	26	5	34	21	28	17	0	36	24	0	11	24	34	17	26	22	6	31	8	19	23	16	22	35	27	28	29	3	11	28	5	15	20	15	6	16	10	16	1	24	15	27	12	12	4	6	39	22	6	10	4	20	11	18	9	34	4	30	33	39	12	21	21	36	32	35	21	14	22	13	28	3	31	39	32	1	22	32	18	0	13	28	38	5	25	29	
Capacites
1622	1596	1625	1622	1595	1638	1575	1649	1599	1589	1642	1613	1628	1598	1597	1609	1658	1636	1660	1610	1637	1654	1600	1609	1612	1636	1633	1633	1580	1604	1609	1611	1617	1633	1608	1615	1615	1659	1609	1608	

************************************ Bilan ************************************

---- Recherche Cplex -----
Temps CPU:         38.0077s
Temps utilisateur: 7.03922s

---- Recherche locale ----
Temps CPU:         665.692s
Temps utilisateur: 665.205s

Well done !
