************************** Cplex et recherche locale **************************
Cplex trouve une solution admissible en moins de 7 secondes.
Cout de la solution courante : 97905

Solution trouvee en cherchant localement depuis la precedente :
Cout de la solution courante : 97880
Affectation
8	3	15	12	2	7	16	3	16	6	18	3	2	6	0	12	3	14	9	4	3	16	19	16	3	12	9	11	18	17	16	14	5	0	7	4	1	13	18	13	5	2	4	4	14	4	11	16	1	16	9	19	15	5	14	0	5	19	4	2	7	1	19	18	4	3	3	0	18	9	3	10	7	19	2	17	19	2	14	18	11	14	19	15	5	16	4	14	15	11	0	12	13	17	8	10	8	9	16	6	15	7	0	7	3	12	1	10	19	17	0	14	15	16	11	8	3	17	10	5	0	3	3	13	10	1	1	5	14	15	18	18	10	13	16	18	14	8	15	9	19	8	11	5	7	2	9	18	6	2	2	0	2	9	15	2	14	15	16	13	11	19	12	7	19	7	8	13	15	3	8	7	12	14	9	9	17	12	11	12	3	10	2	18	2	1	13	18	1	18	17	10	11	4	19	11	19	9	4	9	7	4	4	0	18	6	2	11	1	13	14	8	5	17	1	9	19	4	8	8	16	2	4	6	14	10	1	16	12	0	14	6	1	16	8	8	10	19	14	0	7	12	19	19	0	11	18	7	4	12	5	16	0	0	3	11	14	16	12	19	18	6	16	3	3	2	6	3	18	14	0	17	14	8	19	19	0	17	6	0	15	10	17	0	13	1	9	2	0	0	16	7	10	16	14	12	13	0	9	8	14	4	19	1	10	7	13	2	16	14	3	15	15	16	11	9	19	0	19	16	9	6	18	17	8	19	4	5	5	16	0	10	7	14	6	0	4	3	5	3	15	9	7	11	15	4	17	12	10	12	9	19	3	2	11	5	5	3	12	17	15	18	5	18	6	6	0	13	19	11	13	12	15	4	18	14	1	12	10	2	7	4	13	15	15	17	0	19	18	16	0	10	3	13	0	3	11	17	15	15	17	8	5	10	18	8	8	7	18	17	14	9	7	3	1	0	5	14	5	17	4	10	17	19	11	8	17	4	4	2	12	10	12	17	10	15	1	8	1	12	15	12	7	2	1	19	15	8	19	15	12	17	0	19	9	2	14	14	6	16	12	4	14	1	1	4	13	19	18	9	1	7	7	10	17	13	11	15	0	14	5	4	15	2	10	15	1	9	15	10	6	19	6	10	1	1	5	14	11	17	6	5	6	14	5	0	8	2	3	2	11	12	19	17	7	3	14	17	6	14	9	8	6	16	7	13	11	8	7	18	6	16	16	8	7	18	6	7	2	14	14	7	4	12	6	19	6	9	2	4	17	13	1	2	13	3	9	2	11	18	7	13	7	12	9	5	4	13	0	6	1	11	4	2	13	7	2	9	2	1	3	9	14	17	19	18	1	17	4	9	4	2	1	8	17	0	10	14	7	14	8	2	5	15	9	2	16	8	16	1	1	1	1	8	3	5	19	5	0	18	3	17	7	8	5	4	0	11	9	5	10	14	17	4	13	17	7	12	15	16	13	16	7	1	7	4	4	13	0	8	0	2	13	5	3	6	11	6	7	7	3	17	19	10	6	11	15	9	13	7	19	12	7	7	0	10	10	14	7	7	4	1	10	14	19	4	3	7	15	6	13	8	15	3	3	6	19	0	2	1	16	18	13	16	0	17	11	6	8	17	17	7	16	4	4	11	0	7	8	5	0	7	8	9	15	0	3	9	8	14	15	8	14	9	8	12	16	2	10	15	10	9	4	5	4	6	6	0	0	11	16	2	17	19	13	18	4	13	8	19	12	3	13	18	7	15	15	13	6	7	0	8	12	3	9	12	18	2	10	18	12	4	17	4	15	11	5	3	5	9	5	12	11	2	18	4	3	16	5	6	7	7	9	6	15	8	5	18	13	3	2	3	17	1	13	17	4	13	9	13	15	10	11	9	12	14	10	6	6	16	1	15	10	18	18	0	0	1	5	1	16	8	9	19	11	1	19	6	6	6	15	17	11	9	5	4	12	7	6	13	6	13	3	0	4	5	1	16	8	16	1	13	7	0	4	17	15	19	16	3	0	5	15	1	14	2	0	13	19	4	3	4	17	5	4	8	6	19	8	9	14	13	15	5	17	1	0	10	7	0	3	7	5	18	9	15	12	10	12	1	14	4	8	6	5	2	7	0	15	14	5	5	16	10	12	17	15	5	11	13	15	4	5	15	1	8	6	1	8	18	8	1	13	18	15	6	13	13	0	14	15	16	9	15	14	11	9	6	2	11	10	16	6	6	8	5	16	11	16	10	15	2	2	12	12	9	11	0	17	16	17	8	6	17	5	5	16	0	7	12	12	8	1	12	14	12	11	11	8	6	11	3	12	16	19	12	4	6	11	19	2	11	11	8	15	0	8	17	3	16	11	18	19	19	12	9	18	2	11	3	8	9	15	18	9	19	13	6	0	4	9	15	9	17	12	14	1	8	10	12	9	1	10	3	6	4	8	8	17	15	13	5	8	5	8	11	9	9	7	8	19	18	6	5	9	0	17	9	6	5	7	14	0	19	3	10	16	1	19	12	9	11	2	19	9	12	14	0	10	17	19	6	4	14	14	18	14	2	11	6	9	16	15	6	17	18	19	19	0	11	10	18	5	18	5	4	18	3	12	0	2	8	15	12	18	0	11	3	1	13	18	5	18	12	13	12	19	4	8	13	7	16	2	13	14	8	7	2	8	2	3	15	14	4	5	11	9	2	16	15	7	2	13	19	0	2	17	3	0	6	18	15	9	18	5	0	15	10	11	2	19	19	2	10	12	3	1	11	11	10	13	9	9	10	10	14	12	7	17	13	0	4	17	19	18	16	11	0	2	6	5	18	2	14	7	17	0	11	13	3	6	0	2	7	16	18	4	19	12	15	13	10	11	7	1	1	5	11	3	8	19	2	0	6	14	4	13	9	7	14	14	2	13	17	13	14	13	18	0	14	4	17	16	16	12	2	17	7	6	5	18	1	3	17	7	14	5	17	10	4	6	0	2	12	13	2	1	13	19	3	16	16	6	11	15	18	3	8	3	0	10	10	3	4	10	8	4	7	11	6	17	1	9	18	12	12	13	12	10	6	5	1	18	5	12	7	9	0	13	8	7	2	16	4	10	13	9	17	15	14	5	12	17	17	1	10	10	7	15	4	10	17	19	15	2	6	6	2	1	10	2	16	2	1	3	0	5	16	18	1	8	6	1	14	4	8	13	11	19	15	1	1	16	16	15	14	17	7	7	18	7	10	3	6	1	8	1	10	3	6	3	9	12	15	15	16	9	11	17	1	6	8	12	16	11	18	18	4	1	0	6	15	17	9	11	10	15	4	14	5	5	3	6	19	17	5	18	15	6	15	4	3	7	11	4	14	4	2	10	6	5	8	8	8	14	12	1	16	5	7	11	17	1	18	8	8	17	13	2	8	3	1	13	19	10	14	13	4	17	0	18	11	12	9	4	2	14	13	8	17	0	0	4	13	19	4	6	5	1	1	19	19	13	19	16	1	9	4	5	2	10	19	19	6	8	12	9	5	19	3	6	6	7	8	0	14	12	0	6	8	17	19	11	13	10	14	3	17	14	7	1	3	19	2	0	14	10	9	18	3	4	8	7	16	12	15	8	8	9	18	6	9	12	13	15	6	13	12	16	4	10	1	0	13	4	4	18	18	5	19	
Capacites
3243	3192	3250	3247	3191	3276	3148	3296	3198	3179	3285	3228	3257	3199	3195	3222	3316	3272	3323	3223	

************************************ Bilan ************************************

---- Recherche Cplex -----
Temps CPU:         51.2608s
Temps utilisateur: 7.02797s

---- Recherche locale ----
Temps CPU:         249.781s
Temps utilisateur: 249.6s

Well done !
