************************** Cplex et recherche locale **************************
Cplex trouve une solution admissible en moins de 7 secondes.
Cout de la solution courante : 97500

Solution trouvee en cherchant localement depuis la precedente :
Cout de la solution courante : 97347
Affectation
78	73	70	35	40	64	24	55	41	76	42	24	72	58	31	69	14	63	68	63	17	65	79	63	35	24	66	10	25	27	74	45	72	59	29	69	72	48	14	67	17	57	4	10	14	69	79	11	56	46	54	46	54	56	46	78	76	65	70	11	75	30	48	15	51	33	43	74	62	4	46	66	8	68	79	58	61	16	29	59	78	37	21	64	66	59	14	29	68	23	56	62	77	38	19	15	69	67	34	4	59	1	31	25	59	59	35	16	74	19	67	46	13	41	75	6	47	65	78	62	11	23	71	43	68	24	19	50	1	35	52	55	36	61	39	25	44	75	77	57	63	27	37	60	59	4	77	65	0	51	6	61	21	29	30	21	70	37	35	62	46	73	28	45	11	57	71	9	51	70	49	60	70	66	50	69	20	71	47	10	29	12	32	6	75	8	28	37	70	59	48	76	39	72	53	61	48	26	48	3	65	16	38	72	36	30	18	65	52	19	12	19	4	39	8	73	65	50	24	2	28	46	71	60	72	38	78	38	49	3	32	6	74	60	78	21	7	37	1	69	68	55	48	55	7	71	18	73	75	73	47	41	72	44	18	27	21	76	24	79	27	17	28	50	30	59	45	50	52	10	59	14	3	23	58	59	5	48	73	30	54	12	39	56	66	42	64	46	50	70	43	56	51	4	63	62	72	7	61	65	66	73	78	9	79	51	79	14	9	3	26	5	0	68	39	8	73	25	63	59	55	14	54	22	2	41	20	9	4	77	12	39	27	65	42	64	56	58	45	65	53	21	28	59	52	24	31	52	38	18	0	20	34	69	69	7	20	40	75	27	8	13	0	6	12	32	42	33	42	52	72	49	58	36	75	69	15	12	73	32	20	49	66	7	30	39	19	31	52	38	42	42	75	64	67	42	70	59	62	21	76	67	47	58	25	2	67	70	62	6	9	41	7	31	53	52	34	16	35	69	48	59	2	60	73	40	1	24	60	69	11	10	22	64	11	63	35	44	76	6	23	36	25	44	28	73	40	61	21	13	42	79	18	74	2	29	33	39	14	14	79	79	32	30	76	20	15	65	14	45	47	75	33	48	52	15	52	68	11	66	76	66	71	11	4	8	16	22	27	65	54	0	58	75	54	71	53	14	67	21	27	70	42	78	33	16	67	49	20	72	15	76	66	16	63	59	22	56	33	31	63	2	72	60	66	2	10	68	36	39	44	11	70	47	40	24	50	1	36	31	27	17	59	5	61	65	78	70	53	17	12	37	44	73	44	79	56	23	72	59	75	63	13	69	43	67	23	22	16	10	64	23	50	76	12	46	50	54	77	20	31	79	41	60	72	62	0	22	69	55	51	60	44	49	13	27	50	1	29	7	36	44	71	21	64	79	1	16	3	24	78	42	18	62	42	57	34	15	52	78	8	26	31	28	6	8	60	19	74	19	32	10	52	36	66	72	61	62	0	13	4	57	71	62	76	6	18	69	67	72	19	72	55	49	52	74	79	57	53	59	52	29	11	0	54	34	59	69	33	55	13	13	13	63	69	77	35	56	33	37	43	27	63	55	35	65	38	26	61	58	38	61	77	25	79	60	49	58	19	42	72	25	20	77	12	21	45	16	19	58	17	41	59	7	73	70	58	28	77	50	1	60	4	76	17	8	75	16	37	13	49	47	34	19	5	7	43	78	52	68	70	27	62	64	51	67	25	52	67	68	66	63	10	10	47	51	8	17	44	5	29	77	33	76	26	65	22	9	15	64	32	33	30	74	3	9	75	7	5	38	34	40	56	65	74	67	73	52	60	74	4	2	29	50	65	16	47	51	55	23	24	2	68	69	53	63	53	24	13	75	73	61	38	20	71	43	30	34	33	76	72	18	13	31	36	25	46	3	42	30	63	16	77	49	51	68	13	12	33	17	76	3	74	67	43	75	61	70	45	47	44	78	15	71	69	44	71	39	34	2	41	25	30	74	71	14	55	27	56	69	52	52	4	34	24	32	0	75	44	54	75	14	52	37	55	70	5	15	36	63	51	25	14	56	49	43	36	76	52	48	48	35	61	51	30	70	66	17	76	18	62	1	61	76	51	60	55	77	18	19	52	66	50	41	71	33	56	37	53	21	73	44	39	40	48	76	49	68	65	54	61	35	70	8	29	76	1	67	76	48	69	28	74	66	79	13	5	0	19	11	14	25	45	39	78	45	14	18	45	66	12	51	9	67	49	49	54	40	7	64	18	6	55	31	76	35	79	24	6	49	67	70	42	34	41	26	50	55	58	54	30	35	44	32	74	53	53	75	72	47	44	69	35	26	60	38	57	62	77	19	55	24	69	7	79	73	53	58	77	14	21	61	35	41	51	59	68	26	47	75	75	31	35	46	60	76	74	54	73	65	58	41	34	24	9	51	6	1	76	26	63	49	40	27	77	28	40	28	18	45	38	5	65	57	6	79	58	40	27	58	50	43	20	73	27	63	48	68	23	43	41	9	17	41	3	51	38	61	5	20	30	64	2	26	78	54	34	78	27	70	43	42	68	10	57	21	7	46	60	24	20	7	39	53	6	68	32	79	12	3	41	40	13	2	4	26	48	22	0	6	33	28	42	29	36	30	24	66	25	11	34	67	68	6	32	57	17	2	37	20	41	0	77	78	30	9	71	8	31	71	54	74	9	41	77	28	13	32	47	17	8	54	29	26	70	67	49	28	73	4	22	56	10	36	33	67	25	23	44	13	35	69	51	3	62	33	21	71	25	35	67	74	37	58	6	5	15	23	59	76	24	46	74	74	15	75	16	5	22	5	47	6	66	18	54	79	50	71	73	42	20	39	62	40	71	57	47	77	79	68	43	0	31	9	34	60	7	37	48	41	74	73	74	28	76	23	77	14	42	78	31	13	70	62	1	65	39	75	45	75	12	22	73	49	72	62	61	55	32	13	23	41	11	7	76	64	64	61	11	20	60	13	57	74	36	49	47	24	29	63	3	26	56	32	0	59	74	63	43	18	45	10	13	19	36	31	22	32	31	40	60	48	11	23	31	44	29	73	30	39	22	12	53	3	4	79	15	17	63	10	67	71	75	15	33	73	62	74	42	22	63	58	33	41	5	18	62	38	24	66	37	74	70	49	46	50	64	67	17	47	27	17	38	37	38	16	10	59	39	10	63	16	72	52	60	29	20	43	25	12	21	58	64	40	62	9	13	12	45	51	17	77	11	72	15	79	48	48	21	35	70	55	76	53	71	25	38	9	11	40	0	46	29	3	65	7	71	11	32	57	5	64	32	46	40	78	64	74	71	27	45	51	3	48	70	67	43	17	29	76	43	46	49	48	57	34	56	62	68	43	50	38	54	26	20	37	31	43	44	56	8	37	25	12	22	41	66	40	29	37	8	47	10	23	77	62	33	23	57	26	59	34	26	79	11	34	64	75	18	20	25	1	1	22	12	0	50	3	6	46	78	78	21	40	53	32	5	23	40	1	28	53	30	44	56	13	56	55	47	55	35	30	12	11	33	43	0	59	7	38	42	40	27	22	15	27	10	4	38	31	22	19	14	79	7	70	6	59	10	30	54	33	34	51	30	70	45	10	2	57	23	21	64	39	27	11	65	36	15	18	32	46	60	23	8	34	9	5	51	16	
Capacites
809	798	812	810	795	817	787	822	799	794	820	806	812	799	799	806	829	816	829	805	818	826	799	806	806	818	816	816	790	802	805	806	808	817	803	808	806	830	804	804	806	784	777	814	818	816	798	803	794	797	802	805	808	786	802	808	816	806	813	813	795	812	808	796	805	796	812	807	819	817	820	822	811	801	806	824	807	793	798	794	

************************************ Bilan ************************************

---- Recherche Cplex -----
Temps CPU:         17.8856s
Temps utilisateur: 7.10012s

---- Recherche locale ----
Temps CPU:         2934.18s
Temps utilisateur: 2932.03s

Well done !
