************************** Cplex et recherche locale **************************
Cplex trouve une solution admissible en moins de 7 secondes.
Cout de la solution courante : 4244

Solution trouvee en cherchant localement depuis la precedente :
Cout de la solution courante : 4244
Affectation
15	19	26	12	8	17	3	31	24	26	0	39	30	17	17	31	39	4	15	32	2	1	29	21	6	27	5	30	39	3	7	15	39	18	28	22	13	25	33	34	11	19	32	9	12	7	6	1	17	33	36	25	10	7	10	38	35	3	14	6	39	38	2	10	9	21	28	3	23	31	24	27	12	27	2	30	2	31	37	19	24	20	14	22	3	35	2	14	18	18	21	8	24	21	25	20	19	18	18	22	8	6	5	34	13	10	3	20	17	16	26	25	38	19	23	14	36	20	7	17	15	13	7	0	18	4	6	31	11	11	2	15	15	5	34	22	32	12	9	2	5	26	16	9	24	26	1	34	23	28	11	28	18	36	36	6	21	14	17	36	8	13	20	14	20	38	21	12	33	4	10	27	22	26	25	27	11	27	18	0	38	29	25	26	31	13	30	7	4	16	33	1	37	16	0	29	22	15	11	9	6	19	37	34	16	8	37	8	10	33	25	1	25	23	7	14	9	39	8	16	30	8	32	28	23	39	38	18	26	36	13	17	12	27	3	5	19	29	24	35	12	5	31	21	38	9	30	13	10	22	32	1	36	16	23	11	6	0	23	23	2	24	6	30	20	34	11	13	31	38	37	6	38	20	29	11	2	3	21	11	0	36	5	24	30	28	37	2	23	36	16	23	33	26	22	10	15	2	38	10	32	33	9	20	23	19	15	5	35	26	12	13	12	33	3	19	31	20	35	31	29	27	5	2	29	24	20	7	8	7	34	4	14	39	24	14	30	22	28	17	36	17	22	4	4	37	4	36	6	37	13	9	18	0	16	9	15	35	7	23	24	38	21	11	18	19	27	16	35	34	1	4	6	26	18	16	0	12	35	0	1	10	15	20	23	21	9	26	35	10	37	32	0	25	27	33	27	33	30	37	
Capacites
120	118	115	121	114	113	117	117	116	118	118	118	118	118	115	119	119	115	117	119	122	115	117	121	111	117	115	115	111	123	122	120	110	116	116	118	117	115	117	120	

************************************ Bilan ************************************

---- Recherche Cplex -----
Temps CPU:         51.0404s
Temps utilisateur: 6.82515s

---- Recherche locale ----
Temps CPU:         0.026624s
Temps utilisateur: 0.0266201s

Well done !
