************************** Cplex et recherche locale **************************
Cplex trouve une solution admissible en moins de 7 secondes.
Cout de la solution courante : 24614

Solution trouvee en cherchant localement depuis la precedente :
Cout de la solution courante : 24551
Affectation
15	19	26	7	8	17	14	31	24	11	0	39	15	17	17	16	39	35	15	12	2	1	29	21	6	27	4	30	39	28	0	15	9	2	9	22	12	36	33	20	11	33	32	9	12	27	6	1	17	12	36	33	10	7	10	11	19	33	14	6	39	38	2	13	9	6	20	3	23	12	17	27	12	23	2	30	25	31	37	39	24	20	7	34	13	35	25	20	18	18	21	8	13	21	29	20	19	18	18	22	8	6	5	34	13	10	11	20	17	16	9	36	5	19	23	22	2	20	7	23	2	13	7	3	18	4	36	31	22	11	16	26	30	5	34	22	32	37	17	2	0	26	16	23	24	1	28	32	23	28	30	21	35	38	36	6	24	14	17	36	8	13	20	26	20	38	21	12	33	2	10	38	22	26	25	27	3	9	18	11	31	29	1	26	31	23	17	7	4	3	33	16	37	7	0	21	26	15	25	9	6	10	37	1	16	8	37	5	10	33	11	17	25	23	34	4	9	8	8	16	30	8	32	18	23	39	38	18	4	36	33	5	12	27	3	5	19	34	24	30	1	14	23	21	38	30	38	13	16	22	32	12	36	23	15	16	6	0	25	2	2	10	6	0	20	34	16	26	31	26	37	6	38	20	29	26	2	3	21	11	0	36	5	24	30	28	37	2	23	36	24	23	33	26	30	10	10	0	38	7	3	3	9	20	23	19	15	5	24	29	12	13	12	10	39	27	31	3	15	35	6	27	5	2	28	3	20	32	10	7	19	4	14	39	24	14	15	22	28	36	18	17	11	4	4	37	29	30	6	19	13	9	18	0	22	9	18	35	7	1	24	34	27	6	18	25	27	11	19	34	1	4	6	26	13	23	36	16	35	0	1	10	15	31	35	21	24	26	35	10	37	32	0	25	18	27	27	33	30	37	
Capacites
404	415	374	418	402	401	395	389	391	407	408	404	414	403	397	398	401	386	395	405	415	414	390	409	391	391	393	395	397	418	421	406	410	394	394	395	398	391	392	403	

************************************ Bilan ************************************

---- Recherche Cplex -----
Temps CPU:         46.1171s
Temps utilisateur: 7.01273s

---- Recherche locale ----
Temps CPU:         23.5587s
Temps utilisateur: 23.5419s

Well done !
