************************** Cplex et recherche locale **************************
Cplex trouve une solution admissible en moins de 7 secondes.
Cout de la solution courante : 54969

Solution trouvee en cherchant localement depuis la precedente :
Cout de la solution courante : 54969
Affectation
28	13	13	29	27	27	25	17	19	1	8	19	8	3	13	6	11	5	20	7	1	11	11	14	12	2	19	4	26	4	24	18	10	0	2	8	20	0	24	3	23	25	0	8	26	21	17	3	26	17	16	6	4	12	25	18	23	2	21	10	16	5	24	24	29	14	8	29	2	11	29	11	25	28	12	24	24	4	6	9	14	4	24	5	1	16	5	11	22	4	25	9	20	11	8	22	4	21	19	8	4	18	15	20	9	6	1	20	9	13	3	26	1	5	25	0	5	22	17	25	13	23	21	14	15	28	23	17	17	28	1	24	5	23	25	23	15	7	24	4	26	26	29	28	18	5	24	17	17	17	26	7	26	3	11	28	22	5	27	6	17	13	0	11	22	18	0	11	5	14	12	18	20	21	29	1	26	18	24	16	10	16	20	29	19	19	26	18	1	22	19	28	23	15	4	19	26	23	16	28	18	26	8	23	22	28	20	5	5	16	7	25	26	26	21	17	28	28	6	15	4	25	2	17	14	29	23	21	27	13	8	14	1	1	0	0	4	14	7	29	2	10	13	15	7	9	17	18	4	3	6	6	9	28	16	25	1	11	27	24	14	22	7	24	16	26	9	2	8	3	8	27	13	10	29	21	14	27	23	15	29	23	9	24	28	10	4	3	13	10	15	22	7	4	1	25	23	6	15	6	2	14	10	27	6	25	20	15	19	12	12	5	15	29	7	14	20	19	0	8	8	9	0	14	8	5	21	2	1	26	27	21	27	22	29	17	29	28	15	1	10	22	15	19	9	13	0	14	11	15	27	0	5	19	14	16	3	23	17	12	27	7	10	1	17	15	12	3	0	10	6	21	21	29	22	25	27	5	25	2	13	15	17	15	28	13	25	9	17	27	19	2	4	15	19	23	19	0	26	10	20	22	10	15	1	28	7	18	26	27	22	27	18	20	25	25	28	11	22	0	12	13	28	0	20	7	26	19	25	13	14	15	28	0	21	6	26	26	24	2	24	2	15	15	13	19	1	1	29	2	19	5	26	9	27	4	13	2	24	7	21	16	24	6	19	11	5	10	19	25	4	10	18	6	20	5	14	21	16	9	6	23	12	13	14	7	6	25	7	5	12	23	2	29	16	15	25	8	1	11	13	23	10	11	5	10	29	19	26	20	21	27	4	16	29	27	13	29	21	14	1	16	28	13	0	26	21	6	26	9	4	20	7	5	3	6	4	27	0	3	19	13	7	23	16	11	28	26	8	4	3	8	26	21	17	9	28	25	24	29	18	29	18	16	16	18	22	5	2	21	27	29	14	15	10	14	25	8	7	20	12	23	28	9	10	7	11	11	17	13	2	13	23	11	5	22	17	24	3	23	13	18	5	24	23	28	8	9	19	24	5	13	17	7	29	27	8	19	3	3	5	18	0	28	20	17	7	1	29	0	7	28	24	2	15	27	18	28	2	29	21	7	19	12	22	12	21	14	23	9	14	5	22	12	25	21	29	15	4	7	22	4	14	26	12	15	5	15	3	19	22	25	27	22	21	2	6	22	23	18	26	3	7	28	19	6	12	22	3	7	16	17	16	4	0	20	24	21	20	24	16	2	16	20	22	9	8	6	18	18	27	18	4	2	8	21	2	18	16	17	20	18	20	27	24	28	26	6	14	23	16	16	19	28	23	3	0	3	7	6	17	8	1	21	25	10	29	19	21	0	20	9	5	10	24	14	7	16	16	1	22	10	16	3	12	24	24	28	1	5	7	10	0	23	2	1	22	10	3	24	4	0	10	8	6	2	28	12	16	3	11	20	10	12	19	6	15	9	25	13	8	20	12	26	18	24	9	15	20	6	11	24	13	12	24	26	3	24	14	1	6	1	12	20	10	19	4	6	9	8	5	19	0	17	12	13	14	9	8	2	27	6	19	8	4	16	4	22	14	25	21	9	18	5	3	6	14	13	19	29	15	23	12	25	28	10	5	20	24	4	7	3	20	18	20	3	27	2	6	20	16	25	29	2	28	17	0	11	2	3	10	17	25	9	5	28	23	13	16	27	
Capacites
1219	1211	1189	1187	1225	1229	1203	1189	1199	1236	1198	1175	1188	1261	1233	1164	1169	1215	1226	1220	1200	1233	1210	1180	1216	1183	1213	1200	1234	1238	

************************************ Bilan ************************************

---- Recherche Cplex -----
Temps CPU:         51.7216s
Temps utilisateur: 7.02064s

---- Recherche locale ----
Temps CPU:         0.045269s
Temps utilisateur: 0.045258s

Well done !
