************************** Cplex et recherche locale **************************
Cplex trouve une solution admissible en moins de 7 secondes.
Cout de la solution courante : 24610

Solution trouvee en cherchant localement depuis la precedente :
Cout de la solution courante : 24610
Affectation
14	13	10	17	7	0	5	4	15	19	7	1	7	8	17	9	4	14	15	15	12	5	18	5	10	1	19	2	17	18	18	10	3	1	17	8	10	9	4	18	6	16	18	0	4	6	0	7	0	8	2	18	16	12	16	9	18	16	8	10	3	19	6	8	6	11	16	17	12	8	4	4	1	12	1	4	6	7	17	3	7	3	3	15	14	1	14	15	9	8	2	3	10	12	5	0	19	6	8	9	5	12	11	1	11	3	0	10	11	14	4	18	3	18	5	10	14	6	6	3	16	1	5	9	1	6	12	0	9	13	12	16	6	13	8	5	6	4	12	10	13	9	19	15	18	5	6	1	1	15	17	4	17	3	12	2	17	2	4	19	19	5	8	6	3	5	0	1	1	13	4	4	11	5	1	6	3	4	12	2	16	7	0	16	12	8	12	1	14	11	18	14	9	6	6	19	12	17	3	16	16	8	14	12	16	13	8	3	8	14	4	19	15	12	1	12	10	7	9	19	2	6	0	6	8	7	2	9	13	16	14	15	19	18	0	13	19	9	4	0	14	9	16	0	12	1	10	12	5	17	14	19	1	3	4	5	11	17	3	2	14	7	7	10	8	14	6	14	7	2	5	15	17	0	11	9	0	18	8	13	9	19	19	10	1	4	5	0	11	10	17	7	0	15	12	13	10	18	18	10	0	13	16	16	3	14	4	13	13	8	10	0	16	16	13	9	0	15	15	16	10	15	17	13	13	2	13	2	13	14	1	6	17	7	6	5	19	6	5	2	17	17	7	13	3	10	8	15	18	11	19	5	2	2	12	11	12	10	10	15	11	13	15	2	11	9	8	5	2	4	4	19	11	14	11	6	8	18	5	9	15	19	16	17	8	18	7	3	14	8	17	16	11	13	11	17	11	17	4	11	
Capacites
809	831	762	837	813	796	788	782	789	817	818	814	831	809	794	805	804	781	788	809	

************************************ Bilan ************************************

---- Recherche Cplex -----
Temps CPU:         51.3057s
Temps utilisateur: 7.0101s

---- Recherche locale ----
Temps CPU:         0.012102s
Temps utilisateur: 0.012099s

Well done !
