******************** Construction des solutions initiales *********************
----- Solution 8 -----
Cout de la solution courante : 3291020
----- Solution 7 -----
Cout de la solution courante : 3430450
----- Solution 3 -----
Cout de la solution courante : 3342686
----- Solution 9 -----
Cout de la solution courante : 3447857
----- Solution 4 -----
Cout de la solution courante : 3327433
----- Solution 5 -----
Cout de la solution courante : 3336441
----- Solution 6 -----
Cout de la solution courante : 3367362
----- Solution 2 -----
Cout de la solution courante : 3776683
----- Solution 12 -----
Cout de la solution courante : 3386931
----- Solution 10 -----
Cout de la solution courante : 3332308
----- Solution 11 -----
Cout de la solution courante : 3341294
----- Solution 14 -----
Cout de la solution courante : 3380249
----- Solution 13 -----
Cout de la solution courante : 3330563
----- Solution 15 -----
Cout de la solution courante : 3454685
----- Solution 0 -----
Cout de la solution courante : 111663
----- Solution 1 -----
Cout de la solution courante : 111663

****************************** Recherche Locale *******************************
----- Solution 0 -----
Cout de la solution courante : 111663
----- Solution 1 -----
Cout de la solution courante : 111657
----- Solution 7 -----
Cout de la solution courante : 108427
----- Solution 3 -----
Cout de la solution courante : 108190
----- Solution 8 -----
Cout de la solution courante : 108266
----- Solution 5 -----
Cout de la solution courante : 108138
----- Solution 2 -----
Cout de la solution courante : 105527
----- Solution 6 -----
Cout de la solution courante : 108008
----- Solution 4 -----
Cout de la solution courante : 107716
----- Solution 9 -----
Cout de la solution courante : 108071
----- Solution 13 -----
Cout de la solution courante : 107999
----- Solution 15 -----
Cout de la solution courante : 107972
----- Solution 14 -----
Cout de la solution courante : 107673
----- Solution 11 -----
Cout de la solution courante : 108203
----- Solution 12 -----
Cout de la solution courante : 108426
----- Solution 10 -----
Cout de la solution courante : 107759

************************************ Bilan ************************************
Meilleure valeure obtenue par le glouton : 387244650
Solutions admissibles avant la recherche locale : 1 0 
Solutions admissibles apres la recherche locale : 0 1 2 3 4 5 6 7 8 9 10 11 12 13 14 15 

----- Optimum local -----
Cout de la solution courante : 105527
Affectation
64	42	70	66	68	18	77	6	7	55	67	78	1	68	39	33	51	11	29	18	23	34	39	41	64	78	2	48	75	8	12	65	28	12	44	2	2	71	58	41	56	25	71	51	5	57	62	36	52	7	58	61	5	45	71	40	28	14	44	52	49	2	79	15	71	30	32	72	68	22	13	4	27	65	38	21	4	49	31	59	29	62	57	59	60	79	41	66	28	72	20	49	67	12	69	15	36	53	78	3	46	8	16	27	44	10	5	15	71	49	68	32	78	67	46	67	44	77	76	27	22	78	34	43	68	2	77	79	73	42	3	29	30	8	35	63	19	27	60	53	5	73	38	59	16	41	17	76	26	0	30	9	30	1	16	59	62	43	57	57	52	38	46	6	56	17	10	42	12	1	3	77	43	8	11	11	15	38	73	10	36	44	21	71	39	54	67	70	0	14	0	30	19	8	53	48	39	59	49	15	27	62	39	57	13	12	49	46	57	64	34	69	27	78	19	73	44	70	16	41	0	25	71	51	41	59	30	75	75	66	34	45	70	59	58	35	36	53	16	5	76	68	56	66	25	17	29	42	41	64	4	58	24	63	23	69	78	39	6	38	38	26	66	66	30	22	26	18	8	52	24	13	49	0	34	66	1	19	79	38	77	49	59	8	61	53	47	49	79	19	67	1	43	40	48	27	74	3	34	30	19	35	54	30	47	31	62	2	23	79	13	68	13	8	18	48	61	11	15	35	52	77	42	3	67	67	76	26	31	56	21	2	75	13	45	18	65	70	52	29	35	74	4	11	35	10	37	52	76	4	29	50	12	1	8	20	8	72	54	28	77	36	0	10	44	60	9	33	62	42	11	50	58	24	19	43	53	32	28	10	27	78	29	0	56	12	12	39	14	36	42	4	3	47	67	4	19	37	7	61	37	8	6	49	33	64	28	50	62	56	0	67	51	10	14	34	24	51	68	75	74	37	39	13	65	5	62	37	44	17	12	6	33	37	21	11	45	16	21	49	35	53	27	22	34	57	1	41	14	18	32	48	19	7	43	53	21	0	16	39	15	5	74	10	12	36	8	30	6	29	79	13	71	63	37	59	66	31	9	2	2	43	7	48	27	35	77	7	35	30	26	69	65	31	4	62	59	5	57	48	20	69	40	41	25	61	45	6	43	57	61	55	7	9	1	45	12	15	50	56	16	40	50	7	78	49	70	58	68	48	60	40	73	67	3	72	50	19	0	33	39	65	50	12	10	31	1	43	52	72	12	23	70	60	14	49	61	48	41	20	75	31	42	25	57	25	55	17	74	10	59	44	24	25	16	21	22	46	6	66	3	17	71	43	44	38	72	37	13	68	65	42	33	29	76	69	53	72	65	5	28	18	8	21	65	30	19	11	42	24	52	71	56	64	7	32	14	35	70	13	7	57	44	41	28	3	65	70	74	65	62	5	49	24	24	49	25	32	25	50	33	46	70	41	27	7	5	42	67	73	68	32	33	25	45	27	23	70	58	3	31	34	1	41	14	20	21	35	41	27	19	42	44	0	59	30	22	71	37	8	33	10	11	29	33	52	38	62	19	28	9	77	18	32	28	75	61	11	64	72	8	3	57	70	20	37	2	68	3	28	22	35	70	18	61	32	18	27	27	22	17	24	1	2	18	34	8	40	44	9	6	71	46	31	62	11	36	26	49	38	53	14	35	55	66	2	26	43	39	1	68	34	37	74	32	41	55	76	74	39	34	53	45	46	31	40	8	35	43	22	11	3	75	61	70	32	63	4	30	3	22	31	50	60	35	48	73	28	18	67	11	79	78	48	23	49	23	79	25	23	26	7	16	45	78	69	67	78	60	8	70	54	74	47	43	72	24	50	32	41	0	50	18	74	45	34	30	5	73	9	21	22	30	49	38	15	14	53	4	29	64	28	5	37	63	6	3	4	22	52	66	16	31	40	40	37	53	30	26	57	45	50	40	53	14	28	9	74	27	75	41	52	0	6	53	68	51	70	42	23	75	72	3	18	34	1	8	13	27	47	1	1	41	25	41	36	2	71	14	46	55	57	78	15	63	75	27	65	17	45	16	68	78	0	29	36	62	78	74	21	19	13	12	65	44	15	46	22	73	23	36	2	23	45	50	70	75	76	47	10	61	17	42	25	74	57	64	34	22	47	45	24	43	72	29	15	33	5	28	64	58	36	69	19	60	19	61	7	7	47	21	11	15	3	41	65	4	9	66	21	31	14	59	45	76	71	62	57	74	36	66	9	46	64	23	71	77	55	23	28	37	23	63	19	1	30	76	56	35	8	20	75	49	50	0	51	40	45	66	39	31	24	21	14	77	5	71	37	60	71	54	54	66	9	61	49	75	23	13	61	33	69	44	76	76	37	27	40	11	48	68	45	51	37	44	55	25	1	54	56	38	9	73	0	25	7	48	28	54	45	78	11	63	8	48	56	69	40	26	35	69	23	58	41	55	22	26	67	51	72	15	34	23	73	56	43	49	2	28	7	31	12	2	27	40	61	44	20	37	61	3	63	24	68	34	55	75	25	65	9	40	60	17	10	58	78	39	60	7	3	79	9	48	49	0	71	39	65	42	68	3	67	41	56	63	52	59	77	23	60	76	13	78	2	38	72	14	70	56	32	72	56	13	65	33	52	68	3	60	10	12	51	51	4	14	6	37	9	66	62	77	12	33	75	46	39	72	16	35	60	67	48	54	38	47	22	35	12	61	34	61	59	22	25	55	58	62	17	17	9	51	50	45	66	52	8	53	0	45	37	54	24	37	36	2	63	31	1	17	70	15	17	19	40	70	79	20	4	58	71	50	3	62	25	57	43	39	39	19	40	18	55	67	79	37	20	18	45	56	53	16	22	3	43	75	53	0	76	15	51	24	72	17	7	3	67	24	72	64	5	24	78	36	34	11	20	77	0	39	15	43	33	19	29	4	47	74	8	13	54	58	5	57	31	62	30	10	33	11	45	62	60	56	1	64	0	3	1	37	58	30	67	75	10	15	60	75	27	16	47	61	13	63	6	15	65	62	69	14	60	32	55	7	27	66	35	79	74	79	2	14	38	20	72	33	8	20	63	14	23	52	58	69	4	41	49	34	24	3	18	58	75	37	76	58	16	14	66	22	33	63	46	59	21	77	15	50	67	29	7	32	26	3	57	12	62	74	3	76	60	74	79	43	36	64	28	40	1	59	46	17	66	50	49	48	53	57	30	36	9	46	7	3	35	11	6	0	47	74	55	43	28	23	2	60	47	68	32	67	68	55	35	15	29	8	14	33	79	14	30	26	44	60	2	55	12	0	48	66	32	35	40	13	56	69	42	51	69	0	70	55	28	8	28	11	12	59	47	73	53	31	46	2	38	9	25	43	4	57	11	13	45	33	8	40	37	73	29	37	71	73	31	36	44	21	22	47	36	63	51	28	26	53	56	66	14	75	8	18	66	40	50	32	77	20	52	29	24	56	62	72	9	48	59	44	56	77	25	34	21	69	36	26	56	5	22	0	24	16	56	37	53	20	50	30	67	1	52	54	39	74	38	2	37	44	18	16	58	18	61	26	22	33	79	19	16	61	63	18	57	26	25	32	17	27	1	79	53	10	65	75	2	58	61	19	24	38	16	58	32	
Capacites
810	798	812	810	796	818	787	823	799	794	821	807	813	799	799	806	829	817	831	804	818	827	800	806	805	819	816	816	790	802	804	806	808	817	803	808	807	830	803	803	806	783	778	815	818	816	801	805	798	797	801	805	808	787	801	808	816	806	813	814	799	812	807	796	806	797	812	807	818	819	820	821	811	801	806	824	807	794	797	794	

---- Temps de calcul ----
Temps CPU:         972.169s
Temps utilisateur: 141.974s

Well done !
