******************** Construction des solutions initiales *********************
----- Solution 2 -----
Cout de la solution courante : 2287559
----- Solution 3 -----
Cout de la solution courante : 2009439
----- Solution 5 -----
Cout de la solution courante : 1965697
----- Solution 4 -----
Cout de la solution courante : 1915165
----- Solution 6 -----
Cout de la solution courante : 1933189
----- Solution 7 -----
Cout de la solution courante : 1948490
----- Solution 0 -----
Cout de la solution courante : 62966
----- Solution 1 -----
Cout de la solution courante : 62966

****************************** Recherche Locale *******************************
----- Solution 2 -----
Cout de la solution courante : 58871
----- Solution 4 -----
Cout de la solution courante : 57802
----- Solution 6 -----
Cout de la solution courante : 57977
----- Solution 7 -----
Cout de la solution courante : 57756
----- Solution 3 -----
Cout de la solution courante : 57831
----- Solution 5 -----
Cout de la solution courante : 57841
----- Solution 1 -----
Cout de la solution courante : 57346
----- Solution 0 -----
Cout de la solution courante : 57346

************************************ Bilan ************************************
Meilleure valeure obtenue par le glouton : 81754550
Solutions admissibles avant la recherche locale : 1 0 
Solutions admissibles apres la recherche locale : 0 1 2 3 4 5 6 7 

----- Optimum local -----
Cout de la solution courante : 57346
Affectation
20	27	1	29	17	27	29	1	22	1	7	12	27	23	14	6	0	24	25	5	12	14	20	16	12	16	13	0	20	0	25	20	15	20	16	8	21	2	14	3	11	17	23	14	2	11	10	3	26	29	22	27	19	9	24	27	5	16	17	10	23	5	16	23	15	20	15	3	21	11	29	1	25	28	22	25	23	14	29	28	16	13	24	13	13	16	17	7	29	23	16	25	18	29	12	27	22	21	22	28	19	16	20	1	9	25	8	19	17	1	29	15	9	27	19	27	27	22	29	22	10	23	22	27	27	11	11	25	14	28	29	11	13	19	17	20	23	7	28	4	3	9	15	28	4	12	25	22	22	27	5	22	26	28	12	25	8	19	13	4	13	21	29	24	1	26	27	18	4	25	23	21	25	27	14	21	5	6	24	1	25	22	9	4	12	19	19	12	8	3	7	28	15	8	10	4	18	17	28	28	15	26	4	23	2	1	18	20	21	16	16	7	26	28	29	18	26	28	16	11	21	24	14	27	23	11	24	21	16	29	10	0	17	10	13	2	23	23	24	29	18	20	28	19	9	6	7	27	2	23	1	17	2	2	28	9	26	14	20	24	9	28	7	8	7	11	14	23	8	25	2	29	11	28	29	13	19	16	23	28	18	13	20	23	28	10	4	0	28	0	24	18	24	0	1	27	27	12	28	29	20	14	10	27	21	25	20	20	28	12	18	26	23	25	25	21	5	3	0	8	8	22	8	0	21	17	27	22	18	5	25	22	24	11	11	3	12	28	26	1	23	22	11	2	2	16	10	6	11	25	11	23	23	14	13	27	11	20	26	3	26	7	2	17	8	14	22	24	29	21	14	23	16	21	13	28	10	22	22	28	26	14	26	15	12	27	9	29	17	5	19	15	26	14	26	14	18	7	6	7	23	10	4	3	14	29	27	15	28	22	21	8	23	25	25	13	0	22	24	25	11	13	15	17	20	2	7	26	9	13	17	29	22	5	21	15	26	26	1	27	4	26	10	26	12	26	20	9	29	2	9	13	26	8	1	25	13	26	11	15	3	17	26	5	20	23	16	4	7	25	8	27	26	22	15	28	20	23	4	8	4	2	19	13	22	10	13	26	27	2	25	19	4	22	21	3	25	22	9	11	27	27	28	11	9	6	24	1	26	21	21	17	10	22	25	3	13	18	21	20	17	21	21	4	4	3	7	16	26	9	7	20	18	5	28	9	23	19	5	15	23	0	28	23	27	11	19	19	8	28	20	6	26	21	11	20	28	19	20	24	18	29	11	28	20	2	6	29	9	29	23	27	20	19	10	25	10	1	1	20	12	23	27	19	16	17	1	1	9	18	4	20	25	29	13	26	11	24	21	27	20	14	7	18	19	27	23	6	25	17	7	23	20	24	20	2	23	20	25	20	5	23	18	21	3	18	7	1	2	17	3	1	11	18	4	6	24	8	16	1	21	25	10	25	22	15	0	11	24	5	29	24	0	21	24	21	24	9	12	18	27	25	20	18	27	25	13	5	5	19	12	20	27	29	27	21	7	22	3	6	1	3	2	28	22	6	29	24	21	5	23	8	2	17	6	21	24	24	17	29	22	20	4	26	22	4	28	15	9	8	27	8	15	5	28	15	8	25	1	17	20	10	15	27	15	25	20	29	10	16	17	1	19	25	21	3	24	2	10	4	5	28	1	1	24	6	29	23	24	27	20	6	22	0	24	21	9	28	27	28	3	10	11	18	7	24	4	22	2	7	23	11	20	13	0	27	0	22	21	5	14	0	14	15	17	9	28	6	16	5	7	21	13	12	27	7	12	28	25	10	6	18	21	26	26	11	25	22	7	23	21	19	6	27	0	9	21	4	4	26	10	26	3	13	25	19	3	0	2	5	20	19	20	13	14	2	6	19	27	4	24	25	27	23	6	24	14	22	10	21	21	5	29	3	27	6	14	13	16	29	27	19	21	23	28	4	24	23	7	27	19	18	20	6	23	9	1	13	23	7	17	19	20	9	25	8	21	11	9	24	23	7	25	2	10	25	28	3	28	27	
Capacites
1222	1213	1191	1189	1224	1236	1202	1194	1199	1242	1205	1175	1195	1261	1230	1169	1173	1219	1226	1222	1210	1233	1209	1186	1217	1183	1219	1201	1237	1238	

---- Temps de calcul ----
Temps CPU:         339.36s
Temps utilisateur: 52.5286s

Well done !
