******************** Construction des solutions initiales *********************
----- Solution 5 -----
Cout de la solution courante : 234473
----- Solution 2 -----
Cout de la solution courante : 245373
----- Solution 7 -----
Cout de la solution courante : 244681
----- Solution 6 -----
Cout de la solution courante : 231022
----- Solution 3 -----
Cout de la solution courante : 243936
----- Solution 4 -----
Cout de la solution courante : 253343
----- Solution 0 -----
Cout de la solution courante : 29633
----- Solution 1 -----
Cout de la solution courante : 29633

****************************** Recherche Locale *******************************
----- Solution 4 -----
Cout de la solution courante : 17419
----- Solution 6 -----
Cout de la solution courante : 17406
----- Solution 3 -----
Cout de la solution courante : 17402
----- Solution 5 -----
Cout de la solution courante : 17421
----- Solution 0 -----
Cout de la solution courante : 17484
----- Solution 1 -----
Cout de la solution courante : 17484
----- Solution 7 -----
Cout de la solution courante : 17466
----- Solution 2 -----
Cout de la solution courante : 17552

************************************ Bilan ************************************
Meilleure valeure obtenue par le glouton : 95873300
Solutions admissibles avant la recherche locale : 0 1 
Solutions admissibles apres la recherche locale : 0 1 2 3 4 5 6 7 

----- Optimum local -----
Cout de la solution courante : 17402
Affectation
3	12	29	17	28	30	37	27	37	29	13	6	2	28	20	29	0	23	9	32	6	23	17	1	32	25	12	35	35	32	9	14	35	39	27	38	2	17	18	3	31	18	2	20	34	5	22	38	12	30	11	7	13	22	12	0	14	27	4	34	9	10	5	7	15	29	13	25	30	0	33	5	14	37	13	8	25	21	31	34	5	22	17	19	27	39	18	10	4	5	8	1	11	36	5	8	38	3	25	39	0	28	37	8	22	22	38	25	16	9	38	34	0	11	6	18	30	4	20	37	27	6	22	12	10	28	37	17	33	32	8	11	2	18	34	38	2	11	6	13	21	39	29	16	38	1	38	14	14	2	24	0	38	26	28	36	29	30	36	22	33	2	10	11	16	15	20	9	25	5	6	18	18	34	15	21	12	36	34	29	8	8	19	39	25	4	36	25	19	19	28	13	7	0	28	20	1	10	18	21	25	22	34	0	9	14	21	6	4	12	15	10	27	38	2	33	25	24	9	13	16	23	31	22	3	34	10	19	35	26	31	5	32	9	10	27	4	17	23	14	27	26	16	39	37	25	38	33	23	24	17	2	17	0	30	29	38	26	17	7	20	23	36	26	1	0	4	18	1	33	31	11	37	35	30	26	24	33	39	9	3	0	16	7	21	13	36	8	39	13	7	36	3	38	25	3	34	29	4	21	15	18	7	21	12	22	22	6	8	5	13	37	2	33	11	16	28	12	15	28	31	9	2	24	17	17	24	6	36	19	28	22	6	21	24	9	25	16	19	7	31	29	27	7	13	13	9	19	36	33	39	10	35	8	10	39	1	12	11	20	37	8	9	28	31	20	3	2	32	28	1	32	14	31	9	3	35	13	4	5	2	38	4	20	12	22	37	16	19	7	14	30	37	22	19	22	2	30	8	21	17	2	37	9	0	24	22	34	20	4	16	11	17	17	35	3	38	20	30	7	37	31	33	6	6	30	36	32	4	29	1	34	13	30	11	11	29	32	10	39	15	13	27	4	21	17	18	38	1	25	19	8	20	25	3	19	36	39	24	3	14	4	9	28	1	27	19	12	37	3	26	29	31	23	6	14	32	7	24	15	21	2	37	7	0	0	28	29	35	1	16	1	25	7	0	38	29	12	17	2	26	33	26	1	38	21	28	7	9	17	32	3	23	3	13	19	30	21	36	21	32	8	10	21	38	2	30	11	17	8	9	11	14	20	27	32	10	2	23	32	19	37	10	5	23	33	21	3	22	25	37	29	19	11	32	8	10	39	14	36	27	4	2	33	13	39	23	5	15	23	19	4	3	2	32	4	37	5	19	24	3	0	31	32	31	28	2	4	32	30	1	2	9	13	9	29	15	36	1	34	14	35	27	15	18	38	35	0	24	25	12	14	17	0	24	37	8	3	8	8	8	17	4	22	5	18	25	5	12	20	11	2	9	1	7	9	0	23	29	18	6	6	33	0	8	21	14	36	27	9	31	32	13	5	34	26	36	0	18	33	26	17	30	1	16	1	3	15	1	1	23	2	34	23	19	18	24	31	20	8	6	32	26	14	9	15	29	39	37	8	2	12	15	2	20	35	29	38	7	36	18	30	20	27	25	8	5	22	34	24	11	11	8	14	24	13	13	19	24	12	28	8	27	13	19	37	21	7	4	28	26	18	29	10	38	5	30	8	6	25	7	38	24	30	12	25	37	38	18	20	2	19	36	34	35	1	37	31	3	0	5	6	5	33	21	0	32	21	14	2	16	31	35	35	1	7	34	15	27	0	3	26	8	17	3	31	0	25	15	26	39	23	25	29	28	14	7	39	13	30	22	1	33	24	17	29	27	20	20	17	33	27	37	14	3	36	33	10	35	1	0	10	27	35	11	12	20	12	32	16	13	8	29	9	16	15	8	13	9	38	24	14	34	37	26	27	31	27	7	12	3	9	27	5	26	34	13	36	3	14	5	18	6	13	30	10	10	10	23	35	19	14	36	6	22	19	21	26	2	6	35	29	24	15	8	2	6	28	21	12	38	1	1	28	2	38	7	31	35	29	16	23	18	39	39	38	38	5	37	5	32	4	25	36	20	3	6	23	3	24	22	25	8	31	16	6	6	30	33	27	25	25	29	5	3	37	35	33	22	6	14	30	34	16	37	36	38	17	7	19	16	20	14	14	33	12	15	32	7	24	18	16	29	35	27	15	21	37	32	37	37	11	39	31	1	6	32	24	15	20	10	5	10	22	31	3	17	17	6	31	22	33	7	9	25	28	7	35	36	14	20	28	23	24	6	2	31	9	35	35	4	33	11	12	39	36	4	5	25	27	7	30	26	7	37	33	31	33	25	18	8	18	39	36	21	9	19	22	11	6	13	4	25	36	4	17	4	0	9	23	10	33	33	10	25	30	33	18	23	5	18	2	26	38	39	34	23	34	17	3	14	16	19	30	8	16	17	13	6	16	21	14	4	21	31	15	27	7	34	6	33	35	3	14	16	16	23	35	39	32	38	0	38	24	1	8	4	32	23	11	34	28	36	0	18	11	34	19	25	12	3	20	37	30	18	6	39	10	33	24	8	11	20	9	29	33	30	24	15	19	36	27	7	18	38	9	31	1	25	33	20	8	34	2	26	32	29	35	17	10	24	16	23	25	1	33	10	30	34	34	32	29	11	11	16	17	21	10	26	35	32	35	21	32	33	32	32	14	38	20	27	2	36	15	9	38	26	26	36	15	37	36	26	39	4	9	34	14	29	15	27	7	5	30	12	37	12	1	4	8	22	24	28	0	1	23	11	10	12	30	12	5	5	0	30	18	18	24	1	23	14	3	26	7	13	11	19	38	34	16	22	21	27	39	21	28	19	5	4	13	39	34	12	3	37	13	24	30	23	15	2	13	28	15	38	3	28	23	35	2	30	2	38	12	0	10	11	6	31	13	27	39	6	5	22	38	34	23	19	36	16	35	27	31	35	4	21	19	23	20	15	35	35	36	24	34	14	39	14	5	7	31	39	10	25	20	32	27	13	19	21	23	1	33	36	11	7	32	21	20	5	16	32	17	23	19	27	18	39	2	10	30	15	15	12	8	28	30	27	17	22	0	23	39	11	11	25	12	32	36	18	30	23	3	18	1	20	34	14	5	0	0	7	31	39	32	4	15	1	39	20	20	8	30	31	26	33	4	5	39	34	24	11	25	39	16	27	1	0	28	27	26	10	6	9	13	8	15	23	33	3	2	37	20	4	9	22	19	35	15	34	11	18	2	11	7	33	10	31	28	15	1	28	29	16	24	11	39	33	39	10	29	13	31	17	18	12	8	26	7	21	15	3	16	29	4	27	6	28	7	19	34	5	12	26	21	19	2	28	15	17	36	28	21	29	16	26	10	34	0	0	5	9	27	0	35	26	33	22	31	18	14	5	4	13	2	3	21	19	11	29	18	14	17	26	5	34	35	28	17	0	16	0	17	11	26	28	17	15	22	14	31	8	19	4	16	28	35	7	28	29	3	11	14	16	1	20	7	6	16	10	23	19	24	15	27	8	35	4	6	39	38	6	26	4	9	35	1	9	34	12	30	33	39	12	21	21	23	32	35	11	20	22	0	28	3	29	39	32	39	22	32	26	0	39	24	14	20	25	22	
Capacites
480	475	481	480	474	483	471	475	477	472	484	479	477	471	473	477	488	483	488	477	481	488	474	478	477	485	481	481	472	473	479	479	480	484	475	479	478	489	477	475	

---- Temps de calcul ----
Temps CPU:         788.114s
Temps utilisateur: 120.882s

Well done !
