******************** Construction des solutions initiales *********************
----- Solution 6 -----
Cout de la solution courante : 247527
----- Solution 2 -----
Cout de la solution courante : 206617
----- Solution 7 -----
Cout de la solution courante : 242005
----- Solution 3 -----
Cout de la solution courante : 237960
----- Solution 5 -----
Cout de la solution courante : 230091
----- Solution 4 -----
Cout de la solution courante : 242998
----- Solution 0 -----
Cout de la solution courante : 25221
----- Solution 1 -----
Cout de la solution courante : 25221

****************************** Recherche Locale *******************************
----- Solution 0 -----
Cout de la solution courante : 16584
----- Solution 1 -----
Cout de la solution courante : 16584
----- Solution 7 -----
Cout de la solution courante : 16575
----- Solution 5 -----
Cout de la solution courante : 16591
----- Solution 3 -----
Cout de la solution courante : 16573
----- Solution 4 -----
Cout de la solution courante : 16551
----- Solution 2 -----
Cout de la solution courante : 16693
----- Solution 6 -----
Cout de la solution courante : 16595

************************************ Bilan ************************************
Meilleure valeure obtenue par le glouton : 192259300
Solutions admissibles avant la recherche locale : 1 0 
Solutions admissibles apres la recherche locale : 0 1 2 3 4 5 6 7 

----- Optimum local -----
Cout de la solution courante : 16551
Affectation
27	11	33	16	40	56	24	55	41	76	32	24	72	58	31	12	24	63	45	68	17	5	79	63	6	24	68	10	11	37	74	71	72	59	36	7	72	48	10	55	4	6	47	19	14	53	79	76	56	27	53	46	54	35	46	78	8	65	4	0	75	30	48	73	29	4	43	36	41	4	24	66	8	71	21	19	53	21	21	59	78	78	21	64	30	16	14	77	45	23	70	62	1	38	49	15	36	67	62	4	59	1	64	25	15	59	73	38	58	48	34	31	13	53	46	38	47	65	63	62	9	39	71	71	27	24	19	41	1	52	44	69	26	2	39	25	14	45	77	54	23	66	37	11	9	44	42	24	0	32	13	17	22	14	30	23	63	51	65	20	78	55	28	45	32	57	71	9	24	70	52	29	32	66	6	9	24	31	11	10	37	63	33	1	22	8	67	37	42	59	48	70	10	72	33	58	48	17	11	79	76	40	78	72	18	26	18	65	52	19	12	1	4	39	21	73	65	11	58	2	28	32	71	12	58	14	49	38	65	3	32	45	29	25	13	21	60	74	1	41	39	35	48	20	7	71	75	73	75	73	23	41	8	72	18	58	21	34	10	6	3	17	28	50	60	73	18	31	52	6	36	33	3	29	58	59	77	59	64	67	54	11	39	42	46	54	12	51	71	12	43	28	51	76	60	23	72	64	48	65	66	68	67	14	48	51	71	14	17	34	55	19	25	45	8	32	62	44	63	0	6	28	11	22	2	1	20	9	3	77	74	16	75	53	11	64	63	3	63	33	30	21	23	64	52	24	31	16	38	18	78	20	34	25	40	50	26	40	1	27	78	27	0	38	12	32	42	46	1	47	38	49	58	36	75	56	42	31	63	30	4	38	28	1	65	39	19	31	4	67	19	22	21	64	55	1	69	59	24	21	76	44	69	5	7	2	61	7	46	28	48	41	7	31	53	52	49	40	51	23	48	74	2	60	46	57	2	49	60	69	33	10	12	28	11	63	76	37	13	20	61	69	25	44	28	74	44	61	18	26	49	79	18	26	9	66	21	39	14	46	51	58	32	54	2	20	18	65	76	30	10	75	33	48	31	48	52	68	19	76	61	66	22	28	64	61	35	10	8	65	5	0	30	75	7	71	2	14	67	75	42	16	19	6	25	16	37	66	36	40	20	35	44	70	63	53	15	72	12	35	11	2	72	60	43	4	29	68	35	19	76	3	30	47	46	3	50	1	12	31	27	79	59	12	28	6	1	42	53	17	12	37	70	71	44	64	43	47	41	59	44	45	45	70	40	67	23	22	16	61	57	44	5	20	12	46	50	54	77	24	35	79	70	10	31	62	0	74	25	55	51	27	30	23	13	49	65	69	13	7	35	17	70	4	64	79	52	78	24	51	78	42	18	39	42	37	34	15	67	78	8	61	67	62	37	3	2	78	74	41	41	57	52	75	66	52	61	47	0	26	4	1	28	62	60	6	47	32	53	53	58	72	73	17	34	74	14	5	53	54	13	17	43	0	54	34	75	69	17	55	25	65	13	63	69	30	54	56	33	77	62	27	32	2	58	65	62	79	61	58	38	36	3	25	69	45	49	0	19	68	71	25	20	77	12	21	5	16	46	68	1	41	59	36	73	70	26	13	77	50	64	48	4	76	61	8	75	16	46	13	78	47	16	74	34	53	66	65	30	15	42	27	62	12	22	67	25	61	22	17	21	2	5	20	47	55	8	50	28	5	29	23	42	1	30	65	22	56	53	64	52	33	69	33	45	9	74	12	33	28	38	40	41	54	39	67	23	45	31	74	4	21	29	15	26	50	47	23	11	23	24	47	35	70	5	21	45	51	13	79	73	77	52	20	71	43	30	34	33	7	13	18	9	9	11	60	30	48	52	30	19	73	30	53	51	60	13	18	8	36	76	3	31	64	43	75	7	20	45	50	44	78	66	12	29	52	71	39	53	2	54	3	30	25	25	54	55	27	56	69	52	54	4	34	24	15	29	45	44	54	75	4	14	68	16	9	47	56	36	63	19	69	14	43	0	18	75	58	52	67	55	25	24	6	79	70	21	17	15	36	15	1	61	38	61	60	55	13	6	74	52	70	8	41	18	47	70	4	62	75	72	76	68	40	79	15	70	1	65	33	68	22	70	73	29	28	73	6	5	76	43	60	12	26	29	72	50	19	34	11	50	56	8	3	27	66	27	77	20	40	48	51	35	47	49	49	23	57	79	70	18	6	55	20	42	35	79	0	6	49	49	40	42	49	44	10	50	59	48	66	32	23	44	32	74	54	30	35	73	37	44	69	70	38	16	38	44	16	77	19	5	14	10	8	79	6	71	58	43	14	13	6	35	76	2	61	11	26	47	68	44	31	46	46	17	56	74	54	73	10	25	5	34	24	26	51	4	68	76	53	17	8	31	27	49	71	40	28	61	57	59	34	8	57	37	34	58	70	50	58	38	55	54	44	8	36	48	68	7	76	41	34	29	10	40	51	42	56	13	16	9	22	0	13	24	7	46	71	27	70	43	5	57	10	57	67	75	72	73	76	65	7	7	53	6	68	4	60	12	3	42	9	13	52	6	13	48	30	76	15	0	20	43	31	42	43	72	61	23	57	29	67	69	6	6	36	17	40	32	63	72	52	63	59	19	9	27	8	5	71	36	22	65	43	77	34	3	32	27	60	68	61	29	38	75	67	49	16	62	4	56	66	10	36	55	77	25	49	9	13	10	56	51	10	10	79	21	43	60	35	67	74	23	2	25	5	50	63	59	76	24	60	63	60	4	63	16	20	33	74	30	19	66	18	54	25	33	23	25	42	0	31	65	15	32	59	14	77	79	68	79	0	28	47	34	31	12	37	52	41	74	19	20	29	76	23	77	7	61	58	43	66	47	62	8	34	39	24	64	61	26	56	73	7	56	62	39	55	32	13	28	22	11	7	15	33	78	61	11	11	48	37	17	74	36	49	47	17	41	77	58	54	15	1	50	24	72	1	37	54	45	65	47	5	45	63	22	67	31	57	60	33	54	63	74	8	77	73	30	77	22	33	53	3	6	79	15	17	45	62	67	14	48	15	33	73	62	49	42	16	63	59	36	41	72	57	62	59	57	58	74	26	63	49	46	50	64	44	17	59	17	14	38	37	47	16	62	17	41	10	63	60	72	72	59	26	22	3	46	36	21	58	45	38	59	50	7	12	69	10	39	24	11	47	63	53	48	48	21	21	41	40	76	53	61	6	11	9	71	52	0	2	29	3	65	7	68	77	9	57	5	3	15	46	57	78	38	6	61	26	78	51	32	48	51	10	43	77	2	76	49	51	49	66	68	34	9	69	68	5	51	38	8	26	39	55	31	13	44	43	9	20	35	12	1	41	66	57	29	52	40	24	28	16	4	62	1	12	1	72	59	31	0	79	7	22	64	34	18	56	30	21	64	57	69	51	7	3	35	46	78	78	21	40	75	79	25	50	56	22	49	53	30	31	60	37	59	56	34	55	35	30	35	75	59	34	68	14	39	38	34	40	27	22	15	46	21	2	43	66	74	19	78	18	7	71	26	39	10	30	15	62	34	12	75	45	45	57	49	75	23	69	67	39	27	37	78	32	15	18	68	46	60	23	16	50	58	5	2	31	
Capacites
237	236	233	237	235	240	233	241	237	233	240	238	233	237	232	239	239	238	238	236	239	237	237	239	239	236	241	238	235	233	237	237	235	232	233	230	230	231	234	232	236	233	229	241	231	241	228	235	237	230	232	235	238	222	233	228	239	238	240	232	223	241	240	237	239	234	239	239	241	237	236	238	240	235	238	241	231	234	233	231	

---- Temps de calcul ----
Temps CPU:         1332.99s
Temps utilisateur: 191.289s

Well done !
