******************** Construction des solutions initiales *********************
----- Solution 2 -----
Cout de la solution courante : 4109221
----- Solution 4 -----
Cout de la solution courante : 3562292
----- Solution 5 -----
Cout de la solution courante : 3581792
----- Solution 6 -----
Cout de la solution courante : 3605755
----- Solution 3 -----
Cout de la solution courante : 3594368
----- Solution 7 -----
Cout de la solution courante : 3549404
----- Solution 8 -----
Cout de la solution courante : 3584017
----- Solution 9 -----
Cout de la solution courante : 3544138
----- Solution 13 -----
Cout de la solution courante : 3639864
----- Solution 10 -----
Cout de la solution courante : 3635312
----- Solution 14 -----
Cout de la solution courante : 3591765
----- Solution 11 -----
Cout de la solution courante : 3588834
----- Solution 12 -----
Cout de la solution courante : 3593336
----- Solution 15 -----
Cout de la solution courante : 3604228
----- Solution 0 -----
Cout de la solution courante : 113517
----- Solution 1 -----
Cout de la solution courante : 112077

****************************** Recherche Locale *******************************
----- Solution 1 -----
Cout de la solution courante : 112039
----- Solution 0 -----
Cout de la solution courante : 111831
----- Solution 4 -----
Cout de la solution courante : 110239
----- Solution 7 -----
Cout de la solution courante : 109979
----- Solution 6 -----
Cout de la solution courante : 109907
----- Solution 5 -----
Cout de la solution courante : 110042
----- Solution 3 -----
Cout de la solution courante : 110414
----- Solution 8 -----
Cout de la solution courante : 109822
----- Solution 9 -----
Cout de la solution courante : 110036
----- Solution 2 -----
Cout de la solution courante : 108491
----- Solution 12 -----
Cout de la solution courante : 109805
----- Solution 13 -----
Cout de la solution courante : 109814
----- Solution 14 -----
Cout de la solution courante : 110205
----- Solution 15 -----
Cout de la solution courante : 109762
----- Solution 11 -----
Cout de la solution courante : 110288
----- Solution 10 -----
Cout de la solution courante : 109752

************************************ Bilan ************************************
Meilleure valeure obtenue par le glouton : 96697600
Solutions admissibles avant la recherche locale : 1 0 
Solutions admissibles apres la recherche locale : 0 1 2 3 4 5 6 7 8 9 10 11 12 13 14 15 

----- Optimum local -----
Cout de la solution courante : 108491
Affectation
18	10	12	13	19	2	17	6	16	13	10	9	17	16	18	19	2	19	16	18	7	0	19	2	2	14	0	15	2	4	10	0	14	12	0	2	0	2	6	15	16	11	8	5	13	16	0	16	1	7	9	12	10	1	9	0	2	18	7	4	11	15	0	19	9	4	7	8	18	5	2	18	14	5	18	6	3	14	10	15	16	15	15	19	2	15	14	15	2	3	17	12	9	1	17	10	2	9	9	10	1	8	15	18	11	15	5	10	17	14	13	19	0	17	13	1	19	15	17	17	9	13	9	10	16	11	1	5	11	9	8	14	16	8	7	11	18	19	13	18	3	10	14	17	3	18	17	18	6	0	8	17	6	19	19	2	16	2	3	19	12	9	15	4	15	17	2	13	15	11	6	6	0	8	11	19	15	7	8	10	3	12	6	9	19	19	15	15	0	14	1	15	10	0	10	15	4	13	0	9	9	1	19	8	9	14	7	12	7	0	9	10	6	7	15	11	14	0	12	14	2	6	1	16	3	0	14	4	16	9	1	18	2	5	16	14	5	3	16	5	18	18	9	5	8	13	3	16	1	10	18	2	0	4	16	0	14	10	3	1	15	2	0	18	15	4	19	18	11	2	0	13	11	0	10	0	1	19	1	0	10	19	1	0	3	17	2	5	0	19	16	3	5	16	14	2	15	1	12	3	11	3	9	8	2	6	13	2	15	7	13	9	11	9	16	3	13	15	15	15	4	17	4	12	9	16	15	13	7	0	6	2	6	18	16	18	4	8	16	19	19	16	6	4	9	1	7	19	12	17	16	10	15	0	8	19	5	18	6	4	16	2	0	2	18	16	7	0	12	6	13	11	13	16	0	1	15	13	13	10	5	11	15	15	7	12	13	2	14	9	4	4	10	7	19	9	12	7	7	1	1	8	1	3	2	19	2	9	0	6	0	5	3	19	14	7	4	15	10	12	8	1	17	15	10	5	11	3	9	3	3	12	4	14	6	11	3	12	3	8	9	18	5	3	7	7	1	14	14	3	13	1	19	1	3	17	4	18	16	17	0	18	4	15	12	17	9	8	6	13	14	13	4	6	11	11	16	14	9	2	2	12	15	19	13	16	5	11	19	5	15	6	2	10	6	3	11	5	16	7	5	15	6	2	5	7	19	6	14	16	16	16	7	9	18	3	12	16	14	14	0	6	6	7	12	1	19	14	2	14	17	16	5	8	18	14	17	4	0	13	11	2	0	12	3	3	13	11	1	0	7	1	9	11	6	15	9	9	14	9	19	6	6	2	7	16	10	10	18	8	18	17	12	2	19	19	7	12	10	11	3	17	16	10	15	8	4	2	6	0	18	1	19	5	3	17	2	8	12	12	18	8	17	17	9	5	19	19	0	0	4	17	16	11	7	10	13	10	9	18	7	19	3	4	11	3	2	3	8	3	14	3	17	4	8	11	7	14	4	9	4	16	5	0	10	7	5	10	11	9	12	10	16	9	7	4	0	6	16	17	19	3	1	3	18	4	12	18	12	12	19	9	5	13	1	10	4	0	2	13	7	6	12	14	5	2	1	8	18	4	10	6	18	3	9	8	19	15	16	12	12	18	6	5	19	12	11	1	3	7	6	13	17	18	12	10	18	6	6	9	17	19	1	6	8	10	8	13	8	10	7	4	17	14	0	0	2	0	19	3	0	9	3	2	0	19	17	13	17	11	16	6	19	15	3	8	7	11	0	17	1	11	3	11	1	13	13	2	17	19	17	2	5	3	12	4	11	4	7	3	10	10	17	11	18	15	12	3	2	9	17	12	13	14	18	19	14	9	17	11	4	0	6	5	2	6	5	4	14	8	1	18	0	9	2	8	13	8	15	13	10	0	7	12	19	10	4	5	4	10	15	3	14	11	14	15	17	6	4	7	3	8	7	18	16	8	0	6	2	9	5	9	12	13	19	6	11	2	12	19	5	19	0	12	4	5	9	2	16	14	3	8	0	14	6	19	15	18	17	2	4	3	3	18	8	5	8	13	18	1	18	1	12	12	4	7	6	14	14	19	18	11	3	18	8	12	3	7	6	8	16	9	10	0	7	15	8	10	6	0	19	13	8	12	14	15	2	10	4	19	10	4	17	7	15	15	0	9	2	10	4	16	0	7	9	8	6	6	4	18	17	0	14	4	18	7	16	19	6	18	8	8	10	19	0	18	3	8	7	13	12	11	11	16	3	12	4	0	12	18	4	12	8	16	15	3	18	18	5	3	9	4	12	19	17	9	12	2	0	5	11	10	4	18	1	5	11	7	11	8	10	3	6	13	0	13	7	2	18	15	13	6	11	10	16	6	19	14	16	4	11	1	11	9	14	17	6	11	10	7	16	13	11	10	19	17	17	4	11	14	12	17	7	2	15	3	11	0	12	10	10	12	10	1	15	2	5	12	9	10	1	11	16	8	12	16	12	9	13	8	7	11	15	18	17	8	0	10	16	16	14	19	2	16	6	2	15	2	19	7	13	11	14	4	17	2	4	8	14	6	7	6	18	15	19	3	13	14	10	11	16	11	18	10	16	12	6	3	1	10	17	15	13	7	16	17	17	8	3	2	3	19	13	2	4	8	15	19	11	18	13	19	5	2	6	3	14	11	7	4	10	19	1	4	16	2	8	5	5	18	0	18	11	4	14	2	1	17	1	15	14	18	0	8	5	19	7	18	7	12	14	15	7	2	14	6	14	7	15	18	14	14	5	9	6	3	10	17	17	3	6	19	6	16	10	15	19	16	4	15	17	14	17	10	2	5	9	0	17	10	11	13	14	2	19	4	5	11	5	13	12	3	2	11	12	11	15	6	19	11	13	2	15	1	10	16	18	3	17	1	19	12	3	7	3	7	3	10	15	17	10	16	17	1	3	16	18	17	16	4	3	3	11	4	11	18	17	0	15	15	18	14	19	16	6	14	14	8	11	15	8	5	15	2	2	8	4	19	12	15	2	1	16	14	15	0	3	1	5	10	5	9	3	10	15	16	19	17	16	3	14	13	13	4	15	11	0	14	14	19	10	3	7	8	2	3	9	11	3	8	12	19	18	4	8	13	6	8	14	13	9	5	1	11	7	1	0	12	19	14	19	16	1	17	15	1	12	16	14	12	13	13	5	1	13	15	6	14	1	7	4	6	9	7	1	9	13	15	6	15	18	19	9	2	13	6	9	1	3	2	2	19	12	11	1	2	12	3	13	9	6	0	3	7	9	6	10	19	17	1	17	2	19	16	7	1	14	12	5	18	3	14	8	5	8	8	6	18	12	3	3	13	19	0	15	14	6	8	15	14	17	19	18	0	8	3	12	10	17	7	4	1	13	5	11	14	9	10	8	13	6	4	2	7	9	15	4	0	13	9	13	8	2	19	6	12	13	19	18	11	1	6	0	11	5	2	0	5	7	9	0	19	4	0	10	14	17	8	18	13	1	16	1	4	5	13	2	11	7	11	17	9	19	6	4	2	9	9	16	8	6	3	15	12	5	1	0	16	14	9	17	19	2	13	10	0	13	1	11	12	7	7	0	12	0	14	16	7	18	3	9	0	7	12	7	7	3	8	18	5	5	9	13	7	12	1	9	14	18	19	9	5	7	16	19	9	4	1	17	7	
Capacites
3243	3192	3250	3247	3190	3276	3149	3296	3197	3179	3285	3228	3257	3199	3196	3224	3316	3272	3325	3223	

---- Temps de calcul ----
Temps CPU:         77.0688s
Temps utilisateur: 12.1909s

Well done !
