******************** Construction des solutions initiales *********************
----- Solution 5 -----
Cout de la solution courante : 3558959
----- Solution 2 -----
Cout de la solution courante : 4063267
----- Solution 4 -----
Cout de la solution courante : 3488118
----- Solution 7 -----
Cout de la solution courante : 3588074
----- Solution 6 -----
Cout de la solution courante : 3506524
----- Solution 3 -----
Cout de la solution courante : 3633592
----- Solution 0 -----
Cout de la solution courante : 112020
----- Solution 1 -----
Cout de la solution courante : 112020

****************************** Recherche Locale *******************************
----- Solution 2 -----
Cout de la solution courante : 103605
----- Solution 5 -----
Cout de la solution courante : 101885
----- Solution 6 -----
Cout de la solution courante : 101970
----- Solution 4 -----
Cout de la solution courante : 101684
----- Solution 7 -----
Cout de la solution courante : 101891
----- Solution 3 -----
Cout de la solution courante : 101909
----- Solution 0 -----
Cout de la solution courante : 100957
----- Solution 1 -----
Cout de la solution courante : 100957

************************************ Bilan ************************************
Meilleure valeure obtenue par le glouton : 193151750
Solutions admissibles avant la recherche locale : 0 1 
Solutions admissibles apres la recherche locale : 0 1 2 3 4 5 6 7 

----- Optimum local -----
Cout de la solution courante : 100957
Affectation
30	32	29	11	28	25	37	24	15	38	38	9	6	10	31	27	14	14	21	24	25	2	32	36	22	24	24	31	35	1	24	26	1	39	39	38	30	17	38	18	29	35	15	32	34	21	31	5	13	30	16	30	18	17	26	1	1	17	19	24	26	30	23	7	15	14	14	31	26	3	10	30	14	9	22	8	39	21	31	15	15	32	29	30	19	37	28	26	4	35	38	15	2	9	28	30	24	38	20	39	19	26	37	28	22	15	39	14	36	30	7	34	15	18	35	6	12	27	36	16	15	23	34	21	28	28	5	31	37	5	12	38	30	26	34	38	6	5	22	21	28	39	29	32	6	32	29	38	19	13	16	16	12	27	35	36	17	35	39	11	33	10	32	31	17	4	20	13	33	2	8	4	3	34	25	29	37	32	16	1	19	8	21	34	19	36	22	37	14	4	10	26	5	21	39	34	39	10	18	32	18	39	24	19	27	38	20	12	26	39	4	34	27	28	20	32	25	24	9	28	21	23	24	20	3	34	3	38	8	39	39	5	30	10	34	28	38	33	3	29	26	32	8	39	24	1	14	26	1	21	6	30	20	20	3	31	23	3	17	26	25	15	18	3	11	9	29	17	31	32	38	13	29	28	22	6	10	22	26	9	38	4	1	16	16	36	12	21	24	14	4	37	3	16	25	26	39	20	16	33	9	28	18	20	30	38	22	0	0	20	38	35	26	38	31	23	28	9	33	36	29	31	19	34	4	39	20	5	32	36	15	30	35	14	39	20	25	27	35	29	19	21	21	31	11	13	31	38	33	33	39	5	27	38	27	39	24	18	35	6	29	7	37	18	16	16	24	34	29	31	36	32	18	23	35	14	32	13	28	9	5	38	17	15	18	37	8	35	34	7	25	30	22	33	19	22	4	19	12	34	17	22	32	27	29	27	14	15	25	38	37	9	29	13	13	27	38	37	0	37	8	20	8	29	31	31	10	29	8	4	20	28	29	38	13	14	29	23	27	28	35	31	27	21	21	35	24	1	28	28	19	37	37	31	12	27	25	34	26	24	28	17	6	37	36	14	20	12	24	9	35	16	27	7	29	14	32	10	19	17	32	23	35	28	25	39	28	7	35	1	14	1	18	35	37	19	29	0	31	13	26	23	24	18	9	34	19	33	16	32	39	20	7	35	0	5	30	21	0	25	27	21	24	0	5	2	30	35	39	8	7	11	22	32	27	22	34	18	36	18	1	7	26	9	2	33	23	38	31	16	37	39	29	21	32	4	17	2	31	20	27	8	26	33	21	6	10	5	30	26	23	20	1	28	30	4	12	22	8	23	3	29	31	3	21	13	32	37	29	38	17	10	10	28	30	36	13	36	0	21	29	32	22	4	19	30	12	35	21	1	20	14	28	14	3	32	39	9	35	1	33	17	23	28	31	13	25	2	34	11	33	34	34	1	13	37	33	31	27	36	27	30	19	29	27	23	4	13	2	9	39	36	5	37	34	27	16	0	22	13	22	7	30	28	30	27	15	12	33	1	19	34	39	27	32	18	30	34	15	8	0	39	4	36	11	35	31	38	35	31	2	34	13	22	28	3	39	11	26	1	0	30	9	37	9	14	25	26	18	28	37	35	34	17	9	13	14	12	6	28	24	11	22	22	19	8	7	29	4	28	33	18	6	32	38	36	30	25	19	39	30	13	24	20	36	14	9	12	19	31	36	25	38	34	35	12	1	35	17	3	20	17	27	31	32	0	1	21	30	5	6	3	35	35	22	4	33	27	6	36	24	30	22	17	38	8	6	11	11	26	19	35	31	15	38	14	14	10	2	2	37	6	26	26	14	35	33	23	26	22	29	34	37	34	12	36	39	38	35	19	34	35	27	7	2	12	35	26	30	16	31	38	29	31	38	14	36	15	30	11	23	28	32	35	28	25	11	0	26	15	28	38	27	29	7	34	20	27	19	1	5	9	26	20	19	13	23	36	28	36	36	22	35	23	1	19	6	36	10	6	35	35	24	17	8	10	28	28	28	29	32	31	37	3	20	14	26	35	10	30	16	3	20	37	35	11	38	36	12	33	14	31	39	36	32	34	31	7	0	21	28	26	26	31	20	20	1	20	33	8	12	25	10	35	39	37	35	15	28	6	31	30	39	25	34	16	25	4	21	18	10	38	11	14	33	36	33	8	24	18	39	11	38	35	4	8	4	15	5	26	30	20	21	6	10	24	31	36	6	7	7	32	7	19	4	5	3	17	20	36	2	28	7	14	37	38	1	0	23	25	9	28	34	24	26	30	36	32	19	22	7	20	37	0	34	11	3	6	30	39	5	31	19	11	28	14	31	36	34	28	5	38	39	18	4	38	38	2	30	33	16	39	7	34	24	10	8	0	19	8	28	23	3	37	24	34	7	34	30	15	12	10	26	17	15	24	0	28	5	26	33	8	19	32	28	16	2	5	11	39	36	6	39	38	10	0	27	2	28	5	14	4	8	15	7	27	15	29	39	32	16	12	18	39	1	13	36	19	2	25	3	25	36	1	39	17	34	34	37	9	3	36	13	2	25	1	39	39	11	4	32	38	10	2	23	12	12	29	26	19	27	13	35	26	38	5	5	37	35	33	20	23	34	17	33	28	32	34	7	33	14	14	24	33	37	2	27	14	36	34	23	29	11	11	24	31	37	21	26	35	28	28	39	39	33	32	6	14	11	29	1	35	3	2	37	17	4	33	36	11	4	15	22	25	6	33	34	5	27	9	33	29	1	28	0	23	29	27	39	33	38	24	37	12	29	36	23	21	8	8	17	33	8	22	30	35	31	11	27	19	10	33	13	39	32	7	15	12	8	7	9	30	31	32	21	28	22	5	4	26	39	4	29	3	22	19	35	29	7	15	27	15	33	15	28	32	18	34	5	26	23	2	11	36	33	10	17	29	30	13	7	13	11	26	26	37	13	23	35	2	19	3	19	10	22	4	21	19	31	36	36	1	30	31	24	29	28	25	7	12	12	12	14	3	30	32	16	27	37	12	34	23	34	4	14	25	29	30	31	20	10	18	18	33	16	15	14	31	39	29	39	5	5	11	12	8	20	10	35	13	30	23	23	7	26	11	32	25	27	21	30	30	39	9	4	13	19	27	16	30	18	31	30	31	32	34	4	19	1	24	38	7	9	31	18	4	33	4	37	14	15	14	28	33	35	32	31	1	33	37	27	12	4	34	36	28	21	19	4	33	16	29	32	35	21	32	32	19	34	12	37	3	17	11	33	8	12	38	6	21	15	35	13	29	18	20	16	38	6	39	15	31	32	23	13	8	3	38	26	15	2	15	24	16	29	8	26	4	34	26	8	28	15	35	27	30	38	0	28	15	35	15	21	23	28	31	33	21	33	9	32	13	1	28	27	34	12	0	7	5	27	31	36	29	24	32	11	21	27	39	7	30	2	37	33	24	36	21	31	38	1	16	33	19	12	37	13	3	26	11	6	39	1	32	28	16	3	6	14	23	37	0	31	12	30	3	32	15	27	11	36	23	0	24	15	6	36	37	1	26	12	38	25	10	29	18	35	22	39	1	22	30	33	13	2	16	21	28	10	0	35	6	10	11	31	21	8	15	3	15	17	31	29	29	9	31	14	17	2	29	
Capacites
1621	1596	1625	1622	1595	1636	1575	1648	1599	1589	1642	1613	1628	1599	1598	1612	1657	1635	1659	1611	1637	1654	1600	1612	1611	1636	1633	1633	1580	1605	1610	1612	1618	1632	1608	1617	1615	1662	1609	1609	

---- Temps de calcul ----
Temps CPU:         2523.62s
Temps utilisateur: 374.923s

Well done !
