******************** Construction des solutions initiales *********************
----- Solution 3 -----
Cout de la solution courante : 1773416
----- Solution 2 -----
Cout de la solution courante : 1989182
----- Solution 4 -----
Cout de la solution courante : 1810005
----- Solution 7 -----
Cout de la solution courante : 1797556
----- Solution 5 -----
Cout de la solution courante : 1748842
----- Solution 6 -----
Cout de la solution courante : 1762421
----- Solution 0 -----
Cout de la solution courante : 62510
----- Solution 1 -----
Cout de la solution courante : 62510

****************************** Recherche Locale *******************************
----- Solution 2 -----
Cout de la solution courante : 58372
----- Solution 5 -----
Cout de la solution courante : 57359
----- Solution 6 -----
Cout de la solution courante : 57500
----- Solution 4 -----
Cout de la solution courante : 57413
----- Solution 7 -----
Cout de la solution courante : 57384
----- Solution 3 -----
Cout de la solution courante : 57190
----- Solution 1 -----
Cout de la solution courante : 56901
----- Solution 0 -----
Cout de la solution courante : 56901

************************************ Bilan ************************************
Meilleure valeure obtenue par le glouton : 162986200
Solutions admissibles avant la recherche locale : 1 0 
Solutions admissibles apres la recherche locale : 0 1 2 3 4 5 6 7 

----- Optimum local -----
Cout de la solution courante : 56901
Affectation
3	51	40	5	0	25	30	52	58	7	38	42	59	43	31	1	1	1	26	0	1	48	1	1	37	2	32	26	2	25	3	21	59	17	4	2	6	58	12	2	34	22	16	38	37	58	3	12	4	8	4	35	28	30	4	58	36	40	4	16	59	4	20	53	33	4	4	4	24	2	5	5	5	28	57	5	5	12	5	58	17	17	59	35	6	57	27	6	32	32	17	25	6	31	39	2	20	6	56	7	36	59	20	45	33	15	45	38	17	15	7	39	26	30	36	5	27	8	7	8	3	49	46	9	0	6	35	9	47	9	9	32	56	53	54	7	9	19	6	34	54	20	10	59	19	10	10	8	49	14	10	10	7	43	24	0	34	3	10	10	2	28	53	45	55	10	8	18	45	11	56	41	25	0	57	28	12	10	31	43	50	29	5	51	49	5	12	57	12	38	19	48	23	13	26	13	53	23	31	58	9	52	13	12	13	36	22	49	14	36	14	47	41	39	14	47	14	40	52	55	51	6	38	14	46	12	24	57	23	27	7	15	10	1	12	48	43	15	12	45	3	30	43	16	16	16	36	16	26	16	23	11	16	14	34	3	13	15	17	17	44	4	17	17	28	7	21	26	30	12	18	22	33	30	6	45	49	34	26	19	34	16	52	12	19	29	28	37	32	19	42	13	37	19	19	40	9	13	4	51	56	12	20	9	20	20	45	20	28	39	27	20	20	42	17	59	21	0	33	11	56	58	0	32	44	35	53	4	21	46	22	21	14	25	33	7	4	41	8	53	48	19	32	21	22	18	45	13	23	44	18	37	23	26	23	51	47	57	59	15	41	21	28	10	13	40	23	34	2	21	12	57	24	44	9	24	39	53	35	40	29	36	24	18	25	23	22	3	53	52	25	41	3	22	8	26	30	24	25	26	19	32	11	25	26	26	12	26	22	19	18	27	9	27	55	26	27	27	54	12	39	27	37	27	52	28	43	40	51	59	43	45	10	28	30	45	27	33	46	39	21	7	26	47	50	0	46	26	9	29	32	29	29	29	29	8	29	29	5	30	0	8	58	0	23	57	18	38	42	44	18	37	41	52	42	14	51	5	1	31	23	31	31	16	31	20	31	5	31	29	45	19	52	48	31	3	3	6	44	57	9	15	37	2	11	26	46	31	22	32	7	33	40	6	32	18	25	24	33	27	21	46	17	34	5	55	41	34	57	3	56	34	51	35	31	7	34	35	58	33	35	57	35	40	34	34	52	35	35	34	9	3	4	1	16	43	36	52	36	25	32	55	10	46	24	29	54	35	11	13	25	44	18	36	37	41	18	32	8	16	27	3	38	7	21	37	51	43	38	38	58	56	17	38	35	39	32	38	0	41	10	37	37	54	39	43	23	39	42	38	17	14	34	24	47	21	1	0	0	19	28	52	20	10	0	25	55	40	24	18	25	40	43	39	25	40	41	14	3	51	46	45	28	39	51	33	30	41	54	19	42	34	53	41	30	17	42	16	42	42	49	59	30	6	39	38	42	20	43	24	52	40	21	50	28	40	49	43	6	20	43	15	10	53	39	40	2	4	44	30	42	43	23	35	15	50	54	9	23	32	37	45	45	4	3	36	31	53	47	6	44	21	8	55	33	45	43	48	46	46	4	46	50	14	37	22	15	7	47	22	37	51	47	32	13	47	11	47	48	18	29	48	30	48	7	55	48	3	48	57	52	13	35	48	48	8	48	22	49	39	49	21	49	49	38	54	6	50	50	25	10	50	50	50	53	54	50	29	31	57	12	22	20	56	14	41	57	42	49	51	47	59	52	25	35	51	27	4	39	25	28	42	34	25	36	27	12	52	52	40	57	41	59	4	14	47	47	13	13	52	17	25	14	34	11	53	41	43	29	48	7	22	42	18	53	6	54	11	21	22	4	36	57	53	54	20	47	52	43	54	53	54	54	48	16	12	49	55	44	11	55	51	6	22	56	4	58	29	44	56	57	36	56	14	56	48	57	13	28	11	23	57	54	4	9	50	11	44	12	57	55	35	20	31	26	8	58	46	55	57	
Capacites
610	605	594	594	612	617	602	596	600	621	601	585	597	629	614	583	585	609	609	609	605	616	605	592	607	590	609	601	617	619	613	614	618	618	600	601	619	620	617	611	596	621	584	601	606	623	603	612	604	619	591	593	603	601	609	594	611	606	605	606	

---- Temps de calcul ----
Temps CPU:         562.241s
Temps utilisateur: 84.1349s

Well done !
