******************** Construction des solutions initiales *********************
----- Solution 2 -----
Cout de la solution courante : 115519
----- Solution 3 -----
Cout de la solution courante : 137989
----- Solution 4 -----
Cout de la solution courante : 155458
----- Solution 7 -----
Cout de la solution courante : 130347
----- Solution 5 -----
Cout de la solution courante : 108860
----- Solution 6 -----
Cout de la solution courante : 122188
----- Solution 0 -----
Cout de la solution courante : 12191
----- Solution 1 -----
Cout de la solution courante : 12191

****************************** Recherche Locale *******************************
----- Solution 0 -----
Cout de la solution courante : 9572
----- Solution 1 -----
Cout de la solution courante : 9572
----- Solution 5 -----
Cout de la solution courante : 9521
----- Solution 7 -----
Cout de la solution courante : 9572
----- Solution 3 -----
Cout de la solution courante : 9521
----- Solution 4 -----
Cout de la solution courante : 9538
----- Solution 6 -----
Cout de la solution courante : 9559
----- Solution 2 -----
Cout de la solution courante : 9692

************************************ Bilan ************************************
Meilleure valeure obtenue par le glouton : 80849450
Solutions admissibles avant la recherche locale : 1 0 
Solutions admissibles apres la recherche locale : 0 1 2 3 4 5 6 7 

----- Optimum local -----
Cout de la solution courante : 9521
Affectation
34	53	40	55	51	2	17	22	55	21	49	17	37	17	59	28	35	52	26	49	25	42	40	43	49	23	32	43	18	55	3	24	43	9	19	57	45	26	11	1	2	41	57	38	56	35	18	20	16	54	45	11	44	37	4	58	50	43	24	38	47	44	29	36	33	2	57	15	35	32	10	6	0	24	24	54	24	31	27	58	20	4	45	14	56	57	18	24	9	20	15	25	56	0	20	2	10	6	35	17	5	5	53	34	39	26	52	0	42	39	33	31	31	30	30	10	11	46	45	36	3	47	37	6	0	48	20	30	52	18	58	3	22	47	4	8	51	19	57	46	54	32	46	59	34	2	6	14	18	53	6	21	43	45	7	11	35	34	33	6	9	1	35	41	14	32	53	25	47	39	8	2	16	0	50	37	50	34	22	48	50	37	5	42	28	8	59	1	13	32	56	33	23	28	26	21	49	6	4	47	9	20	32	54	46	54	40	27	41	42	42	33	28	59	55	43	31	9	6	8	3	52	26	22	12	15	56	53	34	1	38	31	10	47	32	33	42	15	16	29	30	46	25	10	53	11	50	47	4	41	4	55	34	39	28	39	13	44	54	39	44	52	25	3	49	54	56	3	50	12	23	29	43	30	6	38	39	30	26	38	34	50	32	51	19	53	0	39	45	18	51	15	37	29	45	56	29	5	24	41	19	12	54	9	27	16	56	46	15	22	5	10	21	23	17	21	46	6	27	4	38	58	50	38	3	5	45	33	32	33	31	21	14	28	2	59	29	51	29	31	59	57	10	5	45	46	48	42	13	33	39	9	57	11	19	45	45	21	25	59	7	39	51	8	14	40	17	55	2	35	12	15	0	13	46	14	49	5	58	8	12	18	28	44	1	27	7	56	49	23	15	13	48	0	47	38	54	22	16	14	1	31	47	13	24	28	28	52	53	7	5	13	30	28	58	45	37	19	17	34	1	27	58	50	59	7	39	46	39	40	33	28	58	12	8	44	51	0	27	16	21	15	50	5	4	10	18	26	23	26	15	25	5	28	14	23	41	7	5	9	53	9	27	14	19	21	29	38	42	9	46	3	12	52	26	57	54	15	43	21	2	52	43	17	48	34	17	30	41	29	45	3	52	36	59	55	22	16	18	23	12	37	9	59	35	6	50	11	47	54	7	17	52	57	10	20	11	57	55	29	51	56	50	13	38	56	10	20	23	57	26	17	36	46	0	40	0	41	52	27	19	23	59	57	51	34	52	44	49	24	51	8	41	47	58	43	38	20	19	31	32	22	27	13	51	35	4	24	50	26	1	34	21	55	44	57	3	20	30	52	49	57	42	2	11	10	58	25	19	53	58	1	58	3	47	0	58	27	55	2	36	8	37	54	51	31	41	5	42	49	38	27	37	58	47	21	31	1	11	18	42	19	55	21	41	27	16	40	42	1	37	8	44	3	45	6	16	43	5	16	54	28	14	0	21	33	30	10	26	17	30	45	33	15	56	13	0	55	25	40	51	45	22	11	39	13	13	15	50	0	17	24	1	52	32	9	49	50	37	22	16	11	15	40	48	46	19	7	2	12	12	59	27	56	40	50	37	21	43	48	51	13	42	4	43	36	31	55	10	54	1	23	31	36	33	8	33	29	46	54	12	35	19	12	3	43	54	56	47	56	14	22	40	1	40	27	4	24	49	18	29	48	38	9	7	37	48	3	14	29	52	25	35	9	24	7	48	21	24	42	7	40	26	56	37	19	38	44	28	14	14	18	10	17	54	16	39	1	38	31	12	31	39	15	32	9	57	18	6	51	23	37	44	8	15	44	34	36	51	25	10	39	5	18	40	14	13	26	53	41	13	58	35	36	20	39	31	0	43	30	26	39	18	12	32	18	41	6	49	25	8	36	47	17	19	11	55	1	21	22	30	47	52	23	48	35	27	34	11	40	7	35	59	6	33	12	36	23	19	1	20	23	19	7	41	37	2	35	53	30	31	30	48	36	37	7	22	32	25	0	48	46	29	44	38	38	6	35	12	47	8	12	20	1	13	54	58	28	14	24	
Capacites
181	171	173	175	180	181	179	178	173	181	178	174	174	182	171	175	170	180	178	178	169	180	179	177	179	170	176	173	178	179	178	173	176	182	173	178	182	177	179	175	176	181	169	175	174	179	176	181	173	173	171	172	174	174	180	176	176	171	174	175	

---- Temps de calcul ----
Temps CPU:         240.375s
Temps utilisateur: 34.708s

Well done !
